     0.000  735.30  0.9135E-01  0.8764E+02  0.3105E+00  0.5129E+03  0.4829E+03  0.6435E+03  0.4159E+03  0.3068E+03  0.2349E+03  0.2240E+03  0.9418E+02  0.2926E+02  0.8753E+01  0.9104E+01  0.6824E+01  0.2032E+02  0.1062E+04  0.4056E+03  0.1314E+01  0.6483E+03  0.7638E+03  0.9665E+03  0.7558E+02  0.1476E+04  0.1249E+04  0.1411E+04  0.5564E+04  0.9080E+04  0.2362E+04  0.3725E+04  0.4239E+03  0.7693E+03
     2.000  720.20  0.8920E-01  0.8556E+02  0.3021E+00  0.4988E+03  0.4680E+03  0.6220E+03  0.4001E+03  0.2955E+03  0.2263E+03  0.2158E+03  0.9072E+02  0.2818E+02  0.8432E+01  0.8770E+01  0.6574E+01  0.1958E+02  0.1018E+04  0.3894E+03  0.1250E+01  0.6177E+03  0.7278E+03  0.9224E+03  0.7202E+02  0.1400E+04  0.1180E+04  0.1330E+04  0.5196E+04  0.8290E+04  0.2103E+04  0.3234E+04  0.3562E+03  0.6285E+03
     4.000  704.60  0.8698E-01  0.8342E+02  0.2934E+00  0.4842E+03  0.4526E+03  0.5998E+03  0.3840E+03  0.2838E+03  0.2174E+03  0.2073E+03  0.8717E+02  0.2708E+02  0.8103E+01  0.8428E+01  0.6317E+01  0.1881E+02  0.9721E+03  0.3728E+03  0.1185E+01  0.5865E+03  0.6910E+03  0.8774E+03  0.6839E+02  0.1323E+04  0.1111E+04  0.1248E+04  0.4827E+04  0.7517E+04  0.1856E+04  0.2778E+04  0.2953E+03  0.5056E+03
     6.000  688.80  0.8473E-01  0.8125E+02  0.2846E+00  0.4694E+03  0.4371E+03  0.5774E+03  0.3677E+03  0.2721E+03  0.2085E+03  0.1988E+03  0.8360E+02  0.2597E+02  0.7771E+01  0.8083E+01  0.6058E+01  0.1804E+02  0.9264E+03  0.3561E+03  0.1121E+01  0.5554E+03  0.6544E+03  0.8325E+03  0.6477E+02  0.1247E+04  0.1043E+04  0.1166E+04  0.4466E+04  0.6779E+04  0.1626E+04  0.2365E+04  0.2421E+03  0.4017E+03
     8.000  673.60  0.8257E-01  0.7917E+02  0.2761E+00  0.4552E+03  0.4222E+03  0.5560E+03  0.3522E+03  0.2609E+03  0.2000E+03  0.1907E+03  0.8019E+02  0.2492E+02  0.7455E+01  0.7754E+01  0.5811E+01  0.1731E+02  0.8830E+03  0.3402E+03  0.1060E+01  0.5259E+03  0.6197E+03  0.7898E+03  0.6134E+02  0.1175E+04  0.9786E+03  0.1090E+04  0.4132E+04  0.6110E+04  0.1424E+04  0.2012E+04  0.1982E+03  0.3188E+03
    10.000  658.20  0.8038E-01  0.7705E+02  0.2676E+00  0.4409E+03  0.4071E+03  0.5344E+03  0.3366E+03  0.2497E+03  0.1914E+03  0.1826E+03  0.7676E+02  0.2385E+02  0.7136E+01  0.7423E+01  0.5562E+01  0.1657E+02  0.8394E+03  0.3243E+03  0.9988E+00  0.4966E+03  0.5852E+03  0.7473E+03  0.5793E+02  0.1103E+04  0.9150E+03  0.1015E+04  0.3805E+04  0.5474E+04  0.1237E+04  0.1695E+04  0.1604E+03  0.2496E+03
    12.000  643.20  0.7825E-01  0.7500E+02  0.2593E+00  0.4270E+03  0.3925E+03  0.5135E+03  0.3216E+03  0.2388E+03  0.1831E+03  0.1747E+03  0.7344E+02  0.2282E+02  0.6829E+01  0.7103E+01  0.5322E+01  0.1585E+02  0.7976E+03  0.3090E+03  0.9407E+00  0.4685E+03  0.5521E+03  0.7066E+03  0.5466E+02  0.1035E+04  0.8547E+03  0.9441E+03  0.3499E+04  0.4895E+04  0.1071E+04  0.1424E+04  0.1292E+03  0.1946E+03
    14.000  628.10  0.7611E-01  0.7293E+02  0.2509E+00  0.4130E+03  0.3779E+03  0.4925E+03  0.3066E+03  0.2280E+03  0.1749E+03  0.1668E+03  0.7013E+02  0.2180E+02  0.6521E+01  0.6783E+01  0.5082E+01  0.1514E+02  0.7560E+03  0.2937E+03  0.8834E+00  0.4407E+03  0.5194E+03  0.6663E+03  0.5143E+02  0.9676E+03  0.7956E+03  0.8749E+03  0.3204E+04  0.4352E+04  0.9206E+03  0.1185E+04  0.1029E+03  0.1496E+03
    16.000  613.30  0.7401E-01  0.7090E+02  0.2427E+00  0.3993E+03  0.3636E+03  0.4722E+03  0.2921E+03  0.2174E+03  0.1668E+03  0.1592E+03  0.6692E+02  0.2080E+02  0.6223E+01  0.6473E+01  0.4849E+01  0.1444E+02  0.7158E+03  0.2789E+03  0.8285E+00  0.4141E+03  0.4880E+03  0.6275E+03  0.4833E+02  0.9035E+03  0.7393E+03  0.8092E+03  0.2927E+04  0.3857E+04  0.7879E+03  0.9815E+03  0.8139E+02  0.1143E+03
    18.000  597.10  0.7171E-01  0.6868E+02  0.2338E+00  0.3843E+03  0.3481E+03  0.4500E+03  0.2763E+03  0.2060E+03  0.1581E+03  0.1509E+03  0.6344E+02  0.1972E+02  0.5900E+01  0.6137E+01  0.4597E+01  0.1369E+02  0.6725E+03  0.2629E+03  0.7698E+00  0.3855E+03  0.4545E+03  0.5859E+03  0.4501E+02  0.8352E+03  0.6796E+03  0.7399E+03  0.2638E+04  0.3358E+04  0.6586E+03  0.7903E+03  0.6215E+02  0.8389E+02
    20.000  580.70  0.6938E-01  0.6644E+02  0.2248E+00  0.3692E+03  0.3324E+03  0.4277E+03  0.2606E+03  0.1946E+03  0.1494E+03  0.1426E+03  0.5995E+02  0.1864E+02  0.5576E+01  0.5800E+01  0.4344E+01  0.1294E+02  0.6295E+03  0.2470E+03  0.7119E+00  0.3574E+03  0.4213E+03  0.5448E+03  0.4174E+02  0.7683E+03  0.6214E+03  0.6726E+03  0.2362E+04  0.2896E+04  0.5439E+03  0.6271E+03  0.4658E+02  0.6029E+02
    22.000  564.30  0.6706E-01  0.6420E+02  0.2158E+00  0.3542E+03  0.3169E+03  0.4057E+03  0.2451E+03  0.1833E+03  0.1408E+03  0.1344E+03  0.5651E+02  0.1757E+02  0.5256E+01  0.5468E+01  0.4095E+01  0.1220E+02  0.5873E+03  0.2313E+03  0.6557E+00  0.3300E+03  0.3890E+03  0.5046E+03  0.3855E+02  0.7035E+03  0.5654E+03  0.6082E+03  0.2102E+04  0.2478E+04  0.4442E+03  0.4912E+03  0.3434E+02  0.4254E+02
    24.000  547.50  0.6468E-01  0.6190E+02  0.2066E+00  0.3388E+03  0.3010E+03  0.3833E+03  0.2294E+03  0.1719E+03  0.1321E+03  0.1261E+03  0.5303E+02  0.1649E+02  0.4933E+01  0.5132E+01  0.3842E+01  0.1145E+02  0.5449E+03  0.2155E+03  0.6000E+00  0.3028E+03  0.3570E+03  0.4646E+03  0.3538E+02  0.6397E+03  0.5105E+03  0.5455E+03  0.1852E+04  0.2092E+04  0.3565E+03  0.3768E+03  0.2465E+02  0.2914E+02
    26.000  530.70  0.6230E-01  0.5961E+02  0.1974E+00  0.3235E+03  0.2853E+03  0.3611E+03  0.2140E+03  0.1607E+03  0.1236E+03  0.1180E+03  0.4960E+02  0.1542E+02  0.4615E+01  0.4801E+01  0.3594E+01  0.1071E+02  0.5036E+03  0.2001E+03  0.5463E+00  0.2764E+03  0.3260E+03  0.4258E+03  0.3231E+02  0.5784E+03  0.4582E+03  0.4860E+03  0.1620E+04  0.1749E+04  0.2822E+03  0.2845E+03  0.1733E+02  0.1951E+02
    28.000  513.80  0.5991E-01  0.5731E+02  0.1883E+00  0.3082E+03  0.2696E+03  0.3391E+03  0.1989E+03  0.1496E+03  0.1151E+03  0.1099E+03  0.4621E+02  0.1437E+02  0.4300E+01  0.4473E+01  0.3348E+01  0.9976E+01  0.4631E+03  0.1849E+03  0.4942E+00  0.2509E+03  0.2959E+03  0.3881E+03  0.2934E+02  0.5195E+03  0.4082E+03  0.4296E+03  0.1403E+04  0.1444E+04  0.2196E+03  0.2106E+03  0.1188E+02  0.1271E+02
    30.000  496.90  0.5753E-01  0.5500E+02  0.1791E+00  0.2929E+03  0.2540E+03  0.3173E+03  0.1840E+03  0.1388E+03  0.1068E+03  0.1020E+03  0.4288E+02  0.1334E+02  0.3991E+01  0.4151E+01  0.3107E+01  0.9257E+01  0.4237E+03  0.1701E+03  0.4444E+00  0.2263E+03  0.2670E+03  0.3517E+03  0.2648E+02  0.4634E+03  0.3610E+03  0.3768E+03  0.1204E+04  0.1177E+04  0.1681E+03  0.1529E+03  0.7938E+01  0.8044E+01
    32.000  479.90  0.5513E-01  0.5269E+02  0.1700E+00  0.2776E+03  0.2385E+03  0.2957E+03  0.1693E+03  0.1280E+03  0.9863E+02  0.9416E+02  0.3959E+02  0.1232E+02  0.3686E+01  0.3834E+01  0.2869E+01  0.8549E+01  0.3853E+03  0.1556E+03  0.3965E+00  0.2027E+03  0.2391E+03  0.3165E+03  0.2373E+02  0.4100E+03  0.3164E+03  0.3272E+03  0.1022E+04  0.9453E+03  0.1261E+03  0.1083E+03  0.5142E+01  0.4923E+01
    34.000  463.40  0.5280E-01  0.5045E+02  0.1611E+00  0.2629E+03  0.2236E+03  0.2751E+03  0.1555E+03  0.1179E+03  0.9085E+02  0.8675E+02  0.3648E+02  0.1135E+02  0.3396E+01  0.3533E+01  0.2643E+01  0.7876E+01  0.3494E+03  0.1419E+03  0.3524E+00  0.1808E+03  0.2134E+03  0.2838E+03  0.2118E+02  0.3611E+03  0.2759E+03  0.2826E+03  0.8617E+03  0.7529E+03  0.9344E+02  0.7577E+02  0.3273E+01  0.2957E+01
    36.000  448.00  0.5063E-01  0.4836E+02  0.1529E+00  0.2492E+03  0.2098E+03  0.2561E+03  0.1429E+03  0.1086E+03  0.8376E+02  0.7998E+02  0.3363E+02  0.1046E+02  0.3132E+01  0.3258E+01  0.2437E+01  0.7263E+01  0.3170E+03  0.1295E+03  0.3134E+00  0.1614E+03  0.1905E+03  0.2547E+03  0.1891E+02  0.3182E+03  0.2407E+03  0.2442E+03  0.7269E+03  0.6001E+03  0.6927E+02  0.5305E+02  0.2084E+01  0.1778E+01
    38.000  432.50  0.4845E-01  0.4626E+02  0.1447E+00  0.2355E+03  0.1961E+03  0.2374E+03  0.1305E+03  0.9951E+02  0.7680E+02  0.7334E+02  0.3084E+02  0.9597E+01  0.2872E+01  0.2988E+01  0.2235E+01  0.6660E+01  0.2856E+03  0.1175E+03  0.2762E+00  0.1429E+03  0.1687E+03  0.2267E+03  0.1675E+02  0.2777E+03  0.2078E+03  0.2087E+03  0.6053E+03  0.4703E+03  0.5017E+02  0.3615E+02  0.1280E+01  0.1029E+01
    40.000  417.60  0.4636E-01  0.4424E+02  0.1369E+00  0.2224E+03  0.1832E+03  0.2197E+03  0.1190E+03  0.9101E+02  0.7028E+02  0.6713E+02  0.2823E+02  0.8786E+01  0.2629E+01  0.2736E+01  0.2045E+01  0.6096E+01  0.2566E+03  0.1063E+03  0.2427E+00  0.1260E+03  0.1488E+03  0.2012E+03  0.1479E+02  0.2415E+03  0.1787E+03  0.1775E+03  0.5013E+03  0.3660E+03  0.3598E+02  0.2437E+02  0.7750E+00  0.5862E+00
    41.000  410.00  0.4530E-01  0.4321E+02  0.1329E+00  0.2158E+03  0.1766E+03  0.2108E+03  0.1133E+03  0.8677E+02  0.6703E+02  0.6403E+02  0.2692E+02  0.8380E+01  0.2508E+01  0.2610E+01  0.1951E+01  0.5815E+01  0.2423E+03  0.1008E+03  0.2264E+00  0.1178E+03  0.1392E+03  0.1887E+03  0.1384E+02  0.2240E+03  0.1648E+03  0.1627E+03  0.4530E+03  0.3199E+03  0.3008E+02  0.1971E+02  0.5916E+00  0.4333E+00
    42.000  403.50  0.4439E-01  0.4234E+02  0.1295E+00  0.2101E+03  0.1710E+03  0.2033E+03  0.1085E+03  0.8320E+02  0.6429E+02  0.6141E+02  0.2582E+02  0.8039E+01  0.2406E+01  0.2503E+01  0.1871E+01  0.5578E+01  0.2304E+03  0.9611E+02  0.2129E+00  0.1111E+03  0.1312E+03  0.1784E+03  0.1304E+02  0.2097E+03  0.1534E+03  0.1507E+03  0.4142E+03  0.2841E+03  0.2568E+02  0.1635E+02  0.4658E+00  0.3317E+00
    43.000  397.10  0.4349E-01  0.4147E+02  0.1262E+00  0.2046E+03  0.1656E+03  0.1960E+03  0.1038E+03  0.7973E+02  0.6163E+02  0.5888E+02  0.2476E+02  0.7707E+01  0.2307E+01  0.2400E+01  0.1794E+01  0.5347E+01  0.2189E+03  0.9162E+02  0.2000E+00  0.1046E+03  0.1235E+03  0.1684E+03  0.1228E+02  0.1960E+03  0.1426E+03  0.1394E+03  0.3782E+03  0.2518E+03  0.2186E+02  0.1352E+02  0.3653E+00  0.2529E+00
    44.000  391.20  0.4266E-01  0.4068E+02  0.1231E+00  0.1995E+03  0.1606E+03  0.1893E+03  0.9954E+02  0.7657E+02  0.5921E+02  0.5657E+02  0.2379E+02  0.7406E+01  0.2217E+01  0.2306E+01  0.1724E+01  0.5138E+01  0.2085E+03  0.8755E+02  0.1885E+00  0.9875E+02  0.1167E+03  0.1595E+03  0.1161E+02  0.1838E+03  0.1330E+03  0.1294E+03  0.3469E+03  0.2245E+03  0.1876E+02  0.1128E+02  0.2899E+00  0.1954E+00
    44.500  388.30  0.4226E-01  0.4029E+02  0.1216E+00  0.1970E+03  0.1582E+03  0.1860E+03  0.9748E+02  0.7504E+02  0.5803E+02  0.5544E+02  0.2331E+02  0.7259E+01  0.2173E+01  0.2261E+01  0.1689E+01  0.5036E+01  0.2035E+03  0.8558E+02  0.1830E+00  0.9595E+02  0.1134E+03  0.1552E+03  0.1128E+02  0.1780E+03  0.1285E+03  0.1247E+03  0.3322E+03  0.2119E+03  0.1737E+02  0.1030E+02  0.2582E+00  0.1717E+00
    45.000  385.40  0.4185E-01  0.3989E+02  0.1201E+00  0.1945E+03  0.1557E+03  0.1828E+03  0.9543E+02  0.7352E+02  0.5686E+02  0.5433E+02  0.2285E+02  0.7113E+01  0.2129E+01  0.2215E+01  0.1655E+01  0.4935E+01  0.1985E+03  0.8363E+02  0.1776E+00  0.9319E+02  0.1101E+03  0.1510E+03  0.1096E+02  0.1723E+03  0.1240E+03  0.1200E+03  0.3178E+03  0.1999E+03  0.1607E+02  0.9397E+01  0.2295E+00  0.1506E+00
    45.500  382.55  0.4145E-01  0.3951E+02  0.1186E+00  0.1920E+03  0.1534E+03  0.1796E+03  0.9344E+02  0.7203E+02  0.5572E+02  0.5324E+02  0.2239E+02  0.6971E+01  0.2087E+01  0.2171E+01  0.1622E+01  0.4836E+01  0.1937E+03  0.8173E+02  0.1723E+00  0.9053E+02  0.1070E+03  0.1469E+03  0.1065E+02  0.1668E+03  0.1197E+03  0.1156E+03  0.3042E+03  0.1886E+03  0.1487E+02  0.8573E+01  0.2040E+00  0.1321E+00
    46.000  379.70  0.4106E-01  0.3913E+02  0.1171E+00  0.1896E+03  0.1510E+03  0.1764E+03  0.9146E+02  0.7056E+02  0.5459E+02  0.5216E+02  0.2193E+02  0.6830E+01  0.2044E+01  0.2127E+01  0.1589E+01  0.4738E+01  0.1889E+03  0.7985E+02  0.1671E+00  0.8790E+02  0.1039E+03  0.1428E+03  0.1034E+02  0.1614E+03  0.1155E+03  0.1112E+03  0.2909E+03  0.1778E+03  0.1374E+02  0.7811E+01  0.1811E+00  0.1157E+00
    46.500  376.40  0.4060E-01  0.3868E+02  0.1154E+00  0.1868E+03  0.1483E+03  0.1728E+03  0.8918E+02  0.6886E+02  0.5329E+02  0.5092E+02  0.2141E+02  0.6667E+01  0.1996E+01  0.2076E+01  0.1551E+01  0.4625E+01  0.1834E+03  0.7769E+02  0.1612E+00  0.8490E+02  0.1004E+03  0.1382E+03  0.9989E+01  0.1552E+03  0.1108E+03  0.1063E+03  0.2760E+03  0.1659E+03  0.1252E+02  0.7001E+01  0.1573E+00  0.9893E-01
    47.000  373.10  0.4014E-01  0.3824E+02  0.1138E+00  0.1839E+03  0.1455E+03  0.1691E+03  0.8693E+02  0.6718E+02  0.5200E+02  0.4969E+02  0.2089E+02  0.6507E+01  0.1948E+01  0.2026E+01  0.1514E+01  0.4514E+01  0.1780E+03  0.7556E+02  0.1555E+00  0.8196E+02  0.9691E+02  0.1337E+03  0.9646E+01  0.1492E+03  0.1062E+03  0.1016E+03  0.2617E+03  0.1546E+03  0.1139E+02  0.6263E+01  0.1364E+00  0.8440E-01
    47.200  371.76  0.3995E-01  0.3806E+02  0.1131E+00  0.1828E+03  0.1444E+03  0.1677E+03  0.8603E+02  0.6651E+02  0.5148E+02  0.4919E+02  0.2069E+02  0.6442E+01  0.1928E+01  0.2006E+01  0.1499E+01  0.4468E+01  0.1759E+03  0.7470E+02  0.1531E+00  0.8079E+02  0.9552E+02  0.1318E+03  0.9508E+01  0.1468E+03  0.1043E+03  0.9968E+02  0.2560E+03  0.1501E+03  0.1096E+02  0.5983E+01  0.1286E+00  0.7906E-01
    47.400  370.42  0.3976E-01  0.3788E+02  0.1124E+00  0.1817E+03  0.1433E+03  0.1662E+03  0.8512E+02  0.6583E+02  0.5096E+02  0.4870E+02  0.2048E+02  0.6377E+01  0.1909E+01  0.1986E+01  0.1484E+01  0.4424E+01  0.1737E+03  0.7384E+02  0.1508E+00  0.7962E+02  0.9414E+02  0.1300E+03  0.9371E+01  0.1445E+03  0.1025E+03  0.9780E+02  0.2504E+03  0.1458E+03  0.1053E+02  0.5714E+01  0.1212E+00  0.7403E-01
    47.600  369.08  0.3957E-01  0.3770E+02  0.1117E+00  0.1805E+03  0.1422E+03  0.1648E+03  0.8422E+02  0.6516E+02  0.5045E+02  0.4820E+02  0.2027E+02  0.6313E+01  0.1890E+01  0.1966E+01  0.1469E+01  0.4379E+01  0.1716E+03  0.7299E+02  0.1486E+00  0.7846E+02  0.9277E+02  0.1282E+03  0.9236E+01  0.1421E+03  0.1007E+03  0.9595E+02  0.2449E+03  0.1416E+03  0.1013E+02  0.5455E+01  0.1142E+00  0.6928E-01
    47.800  367.74  0.3939E-01  0.3752E+02  0.1110E+00  0.1794E+03  0.1411E+03  0.1633E+03  0.8333E+02  0.6449E+02  0.4993E+02  0.4771E+02  0.2006E+02  0.6248E+01  0.1870E+01  0.1946E+01  0.1454E+01  0.4334E+01  0.1694E+03  0.7214E+02  0.1463E+00  0.7730E+02  0.9141E+02  0.1264E+03  0.9101E+01  0.1398E+03  0.9888E+02  0.9412E+02  0.2395E+03  0.1375E+03  0.9733E+01  0.5206E+01  0.1075E+00  0.6481E-01
    48.000  366.40  0.3920E-01  0.3734E+02  0.1103E+00  0.1782E+03  0.1400E+03  0.1619E+03  0.8243E+02  0.6382E+02  0.4942E+02  0.4722E+02  0.1986E+02  0.6184E+01  0.1851E+01  0.1926E+01  0.1439E+01  0.4290E+01  0.1673E+03  0.7130E+02  0.1441E+00  0.7616E+02  0.9007E+02  0.1247E+03  0.8968E+01  0.1374E+03  0.9711E+02  0.9231E+02  0.2342E+03  0.1334E+03  0.9351E+01  0.4966E+01  0.1012E+00  0.6060E-01
    48.200  364.84  0.3898E-01  0.3713E+02  0.1095E+00  0.1769E+03  0.1388E+03  0.1602E+03  0.8140E+02  0.6305E+02  0.4883E+02  0.4666E+02  0.1962E+02  0.6110E+01  0.1829E+01  0.1903E+01  0.1422E+01  0.4238E+01  0.1649E+03  0.7033E+02  0.1415E+00  0.7484E+02  0.8851E+02  0.1226E+03  0.8813E+01  0.1348E+03  0.9507E+02  0.9024E+02  0.2280E+03  0.1288E+03  0.8923E+01  0.4700E+01  0.9430E-01  0.5601E-01
    48.400  363.28  0.3877E-01  0.3692E+02  0.1087E+00  0.1756E+03  0.1375E+03  0.1585E+03  0.8037E+02  0.6228E+02  0.4823E+02  0.4609E+02  0.1938E+02  0.6036E+01  0.1807E+01  0.1880E+01  0.1404E+01  0.4187E+01  0.1624E+03  0.6936E+02  0.1389E+00  0.7354E+02  0.8697E+02  0.1206E+03  0.8661E+01  0.1321E+03  0.9306E+02  0.8819E+02  0.2220E+03  0.1244E+03  0.8510E+01  0.4445E+01  0.8779E-01  0.5173E-01
    48.500  362.50  0.3866E-01  0.3682E+02  0.1083E+00  0.1749E+03  0.1369E+03  0.1577E+03  0.7986E+02  0.6190E+02  0.4794E+02  0.4581E+02  0.1926E+02  0.6000E+01  0.1796E+01  0.1869E+01  0.1396E+01  0.4161E+01  0.1612E+03  0.6887E+02  0.1377E+00  0.7289E+02  0.8621E+02  0.1196E+03  0.8585E+01  0.1308E+03  0.9206E+02  0.8718E+02  0.2191E+03  0.1222E+03  0.8310E+01  0.4322E+01  0.8469E-01  0.4971E-01
    48.600  361.72  0.3855E-01  0.3671E+02  0.1079E+00  0.1743E+03  0.1362E+03  0.1568E+03  0.7935E+02  0.6151E+02  0.4764E+02  0.4553E+02  0.1914E+02  0.5963E+01  0.1785E+01  0.1857E+01  0.1387E+01  0.4136E+01  0.1600E+03  0.6839E+02  0.1364E+00  0.7224E+02  0.8544E+02  0.1186E+03  0.8509E+01  0.1295E+03  0.9107E+02  0.8617E+02  0.2161E+03  0.1200E+03  0.8113E+01  0.4203E+01  0.8168E-01  0.4775E-01
    48.700  360.94  0.3844E-01  0.3661E+02  0.1075E+00  0.1736E+03  0.1356E+03  0.1560E+03  0.7884E+02  0.6113E+02  0.4735E+02  0.4525E+02  0.1903E+02  0.5926E+01  0.1774E+01  0.1846E+01  0.1379E+01  0.4111E+01  0.1588E+03  0.6791E+02  0.1351E+00  0.7160E+02  0.8469E+02  0.1176E+03  0.8434E+01  0.1283E+03  0.9009E+02  0.8517E+02  0.2132E+03  0.1179E+03  0.7921E+01  0.4086E+01  0.7876E-01  0.4587E-01
    48.800  360.16  0.3833E-01  0.3650E+02  0.1071E+00  0.1730E+03  0.1350E+03  0.1552E+03  0.7833E+02  0.6075E+02  0.4706E+02  0.4497E+02  0.1891E+02  0.5890E+01  0.1763E+01  0.1834E+01  0.1370E+01  0.4085E+01  0.1576E+03  0.6744E+02  0.1339E+00  0.7096E+02  0.8393E+02  0.1166E+03  0.8359E+01  0.1270E+03  0.8912E+02  0.8418E+02  0.2104E+03  0.1158E+03  0.7732E+01  0.3971E+01  0.7594E-01  0.4405E-01
    48.900  359.38  0.3822E-01  0.3640E+02  0.1067E+00  0.1723E+03  0.1343E+03  0.1543E+03  0.7782E+02  0.6037E+02  0.4677E+02  0.4469E+02  0.1879E+02  0.5853E+01  0.1752E+01  0.1823E+01  0.1362E+01  0.4060E+01  0.1564E+03  0.6696E+02  0.1326E+00  0.7033E+02  0.8318E+02  0.1156E+03  0.8285E+01  0.1257E+03  0.8815E+02  0.8320E+02  0.2075E+03  0.1137E+03  0.7547E+01  0.3860E+01  0.7321E-01  0.4229E-01
    49.000  358.60  0.3811E-01  0.3629E+02  0.1063E+00  0.1716E+03  0.1337E+03  0.1535E+03  0.7731E+02  0.5999E+02  0.4647E+02  0.4441E+02  0.1868E+02  0.5817E+01  0.1741E+01  0.1812E+01  0.1353E+01  0.4035E+01  0.1552E+03  0.6648E+02  0.1314E+00  0.6969E+02  0.8244E+02  0.1146E+03  0.8211E+01  0.1244E+03  0.8718E+02  0.8223E+02  0.2047E+03  0.1117E+03  0.7365E+01  0.3751E+01  0.7057E-01  0.4060E-01
    49.500  345.60  0.3631E-01  0.3455E+02  0.9976E-01  0.1607E+03  0.1233E+03  0.1399E+03  0.6907E+02  0.5381E+02  0.4172E+02  0.3987E+02  0.1677E+02  0.5224E+01  0.1564E+01  0.1627E+01  0.1215E+01  0.3622E+01  0.1360E+03  0.5878E+02  0.1117E+00  0.5959E+02  0.7052E+02  0.9879E+02  0.7029E+01  0.1044E+03  0.7207E+02  0.6703E+02  0.1614E+03  0.8165E+02  0.4831E+01  0.2287E+01  0.3730E-01  0.2003E-01
    50.000  332.60  0.3450E-01  0.3282E+02  0.9325E-01  0.1499E+03  0.1131E+03  0.1267E+03  0.6122E+02  0.4789E+02  0.3717E+02  0.3552E+02  0.1494E+02  0.4655E+01  0.1394E+01  0.1450E+01  0.1082E+01  0.3228E+01  0.1180E+03  0.5151E+02  0.9385E-01  0.5036E+02  0.5963E+02  0.8422E+02  0.5948E+01  0.8640E+02  0.5871E+02  0.5379E+02  0.1250E+03  0.5831E+02  0.3066E+01  0.1344E+01  0.1876E-01  0.9367E-02
    51.000  320.10  0.3277E-01  0.3115E+02  0.8705E-01  0.1397E+03  0.1036E+03  0.1144E+03  0.5406E+02  0.4248E+02  0.3299E+02  0.3154E+02  0.1326E+02  0.4134E+01  0.1237E+01  0.1288E+01  0.9608E+00  0.2866E+01  0.1019E+03  0.4493E+02  0.7832E-01  0.4230E+02  0.5012E+02  0.7141E+02  0.5003E+01  0.7102E+02  0.4747E+02  0.4281E+02  0.9590E+02  0.4117E+02  0.1914E+01  0.7746E+00  0.9192E-02  0.4264E-02
    52.000  307.00  0.3096E-01  0.2941E+02  0.8064E-01  0.1291E+03  0.9379E+02  0.1020E+03  0.4697E+02  0.3710E+02  0.2884E+02  0.2757E+02  0.1160E+02  0.3615E+01  0.1082E+01  0.1126E+01  0.8400E+00  0.2506E+01  0.8628E+02  0.3851E+02  0.6381E-01  0.3471E+02  0.4116E+02  0.5924E+02  0.4113E+01  0.5687E+02  0.3730E+02  0.3304E+02  0.7102E+02  0.2777E+02  0.1121E+01  0.4152E+00  0.4091E-02  0.1748E-02
    53.000  293.40  0.2909E-01  0.2761E+02  0.7407E-01  0.1183E+03  0.8396E+02  0.8967E+02  0.4011E+02  0.3186E+02  0.2479E+02  0.2370E+02  0.9969E+01  0.3109E+01  0.9308E+00  0.9686E+00  0.7221E+00  0.2154E+01  0.7152E+02  0.3236E+02  0.5062E-01  0.2777E+02  0.3295E+02  0.4796E+02  0.3297E+01  0.4423E+02  0.2839E+02  0.2464E+02  0.5057E+02  0.1781E+02  0.6116E+00  0.2054E+00  0.1636E-02  0.6383E-03
    54.000  279.10  0.2714E-01  0.2573E+02  0.6729E-01  0.1071E+03  0.7399E+02  0.7737E+02  0.3345E+02  0.2674E+02  0.2084E+02  0.1992E+02  0.8379E+01  0.2614E+01  0.7827E+00  0.8145E+00  0.6069E+00  0.1811E+01  0.5762E+02  0.2648E+02  0.3874E-01  0.2145E+02  0.2549E+02  0.3760E+02  0.2554E+01  0.3308E+02  0.2071E+02  0.1756E+02  0.3417E+02  0.1068E+02  0.3037E+00  0.9123E-01  0.5668E-03  0.1997E-03
    55.000  264.00  0.2508E-01  0.2375E+02  0.6027E-01  0.9556E+02  0.6392E+02  0.6518E+02  0.2706E+02  0.2181E+02  0.1702E+02  0.1627E+02  0.6842E+01  0.2135E+01  0.6394E+00  0.6655E+00  0.4956E+00  0.1479E+01  0.4475E+02  0.2095E+02  0.2832E-01  0.1586E+02  0.1887E+02  0.2828E+02  0.1894E+01  0.2353E+02  0.1430E+02  0.1180E+02  0.2160E+02  0.5878E+01  0.1337E+00  0.3532E-01  0.1635E-03  0.5125E-04
    56.000  248.10  0.2292E-01  0.2168E+02  0.5307E-01  0.8377E+02  0.5387E+02  0.5330E+02  0.2109E+02  0.1715E+02  0.1340E+02  0.1282E+02  0.5390E+01  0.1683E+01  0.5040E+00  0.5246E+00  0.3903E+00  0.1165E+01  0.3320E+02  0.1588E+02  0.1954E-01  0.1109E+02  0.1322E+02  0.2020E+02  0.1330E+01  0.1573E+02  0.9232E+01  0.7368E+01  0.1256E+02  0.2909E+01  0.5063E-01  0.1153E-01  0.3752E-04  0.1028E-04
    56.500  240.65  0.2192E-01  0.2072E+02  0.4977E-01  0.7838E+02  0.4938E+02  0.4810E+02  0.1857E+02  0.1517E+02  0.1186E+02  0.1134E+02  0.4770E+01  0.1490E+01  0.4462E+00  0.4644E+00  0.3454E+00  0.1031E+01  0.2848E+02  0.1378E+02  0.1616E-01  0.9235E+01  0.1102E+02  0.1700E+02  0.1110E+01  0.1279E+02  0.7372E+01  0.5785E+01  0.9510E+01  0.2030E+01  0.3075E-01  0.6497E-02  0.1761E-04  0.4510E-05
    57.000  233.20  0.2092E-01  0.1976E+02  0.4653E-01  0.7308E+02  0.4504E+02  0.4314E+02  0.1622E+02  0.1332E+02  0.1042E+02  0.9963E+01  0.4190E+01  0.1309E+01  0.3920E+00  0.4081E+00  0.3034E+00  0.9060E+00  0.2420E+02  0.1186E+02  0.1320E-01  0.7599E+01  0.9075E+01  0.1415E+02  0.9155E+00  0.1026E+02  0.5803E+01  0.4473E+01  0.7077E+01  0.1386E+01  0.1809E-01  0.3533E-02  0.7881E-05  0.1879E-05
    57.100  233.00  0.2089E-01  0.1973E+02  0.4644E-01  0.7294E+02  0.4493E+02  0.4301E+02  0.1616E+02  0.1327E+02  0.1038E+02  0.9927E+01  0.4175E+01  0.1304E+01  0.3906E+00  0.4066E+00  0.3023E+00  0.9027E+00  0.2409E+02  0.1181E+02  0.1312E-01  0.7558E+01  0.9027E+01  0.1408E+02  0.9106E+00  0.1020E+02  0.5764E+01  0.4441E+01  0.7019E+01  0.1371E+01  0.1783E-01  0.3474E-02  0.7707E-05  0.1834E-05
    57.500  232.20  0.2079E-01  0.1963E+02  0.4609E-01  0.7238E+02  0.4447E+02  0.4249E+02  0.1591E+02  0.1308E+02  0.1024E+02  0.9785E+01  0.4115E+01  0.1286E+01  0.3851E+00  0.4008E+00  0.2980E+00  0.8898E+00  0.2366E+02  0.1161E+02  0.1283E-01  0.7395E+01  0.8834E+01  0.1379E+02  0.8913E+00  0.9951E+01  0.5613E+01  0.4315E+01  0.6792E+01  0.1314E+01  0.1681E-01  0.3246E-02  0.7047E-05  0.1664E-05
    58.000  231.20  0.2065E-01  0.1950E+02  0.4566E-01  0.7168E+02  0.4390E+02  0.4185E+02  0.1562E+02  0.1284E+02  0.1005E+02  0.9609E+01  0.4041E+01  0.1263E+01  0.3782E+00  0.3936E+00  0.2926E+00  0.8738E+00  0.2313E+02  0.1137E+02  0.1247E-01  0.7196E+01  0.8597E+01  0.1344E+02  0.8675E+00  0.9649E+01  0.5427E+01  0.4162E+01  0.6517E+01  0.1246E+01  0.1560E-01  0.2981E-02  0.6295E-05  0.1472E-05
    58.500  230.10  0.2051E-01  0.1936E+02  0.4519E-01  0.7091E+02  0.4328E+02  0.4115E+02  0.1529E+02  0.1258E+02  0.9851E+01  0.9417E+01  0.3961E+01  0.1238E+01  0.3706E+00  0.3858E+00  0.2868E+00  0.8564E+00  0.2255E+02  0.1110E+02  0.1208E-01  0.6980E+01  0.8341E+01  0.1306E+02  0.8419E+00  0.9324E+01  0.5229E+01  0.3999E+01  0.6224E+01  0.1174E+01  0.1437E-01  0.2711E-02  0.5554E-05  0.1284E-05
    59.000  229.00  0.2036E-01  0.1922E+02  0.4472E-01  0.7014E+02  0.4266E+02  0.4045E+02  0.1497E+02  0.1233E+02  0.9653E+01  0.9228E+01  0.3881E+01  0.1213E+01  0.3632E+00  0.3780E+00  0.2810E+00  0.8392E+00  0.2198E+02  0.1084E+02  0.1171E-01  0.6770E+01  0.8091E+01  0.1269E+02  0.8168E+00  0.9007E+01  0.5036E+01  0.3840E+01  0.5942E+01  0.1106E+01  0.1322E-01  0.2464E-02  0.4894E-05  0.1119E-05
    59.500  227.75  0.2019E-01  0.1906E+02  0.4419E-01  0.6927E+02  0.4197E+02  0.3967E+02  0.1461E+02  0.1204E+02  0.9430E+01  0.9015E+01  0.3792E+01  0.1185E+01  0.3548E+00  0.3693E+00  0.2745E+00  0.8198E+00  0.2134E+02  0.1055E+02  0.1129E-01  0.6535E+01  0.7812E+01  0.1228E+02  0.7889E+00  0.8656E+01  0.4823E+01  0.3666E+01  0.5634E+01  0.1033E+01  0.1201E-01  0.2208E-02  0.4233E-05  0.9560E-06
    60.000  226.50  0.2003E-01  0.1890E+02  0.4365E-01  0.6841E+02  0.4127E+02  0.3889E+02  0.1426E+02  0.1176E+02  0.9211E+01  0.8805E+01  0.3703E+01  0.1157E+01  0.3466E+00  0.3607E+00  0.2681E+00  0.8007E+00  0.2072E+02  0.1027E+02  0.1088E-01  0.6307E+01  0.7541E+01  0.1188E+02  0.7617E+00  0.8315E+01  0.4617E+01  0.3498E+01  0.5339E+01  0.9634E+00  0.1091E-01  0.1976E-02  0.3655E-05  0.8151E-06
    60.500  225.55  0.1990E-01  0.1878E+02  0.4325E-01  0.6775E+02  0.4075E+02  0.3831E+02  0.1399E+02  0.1155E+02  0.9045E+01  0.8647E+01  0.3637E+01  0.1137E+01  0.3404E+00  0.3543E+00  0.2633E+00  0.7864E+00  0.2025E+02  0.1005E+02  0.1057E-01  0.6137E+01  0.7339E+01  0.1157E+02  0.7415E+00  0.8063E+01  0.4465E+01  0.3374E+01  0.5123E+01  0.9134E+00  0.1013E-01  0.1815E-02  0.3266E-05  0.7212E-06
    61.000  224.60  0.1977E-01  0.1866E+02  0.4285E-01  0.6710E+02  0.4023E+02  0.3773E+02  0.1373E+02  0.1134E+02  0.8882E+01  0.8490E+01  0.3571E+01  0.1116E+01  0.3342E+00  0.3479E+00  0.2585E+00  0.7721E+00  0.1979E+02  0.9843E+01  0.1027E-01  0.5970E+01  0.7141E+01  0.1128E+02  0.7216E+00  0.7816E+01  0.4316E+01  0.3254E+01  0.4914E+01  0.8657E+00  0.9395E-02  0.1666E-02  0.2915E-05  0.6375E-06
    61.500  224.60  0.1977E-01  0.1866E+02  0.4285E-01  0.6710E+02  0.4023E+02  0.3773E+02  0.1373E+02  0.1134E+02  0.8882E+01  0.8490E+01  0.3571E+01  0.1116E+01  0.3342E+00  0.3479E+00  0.2585E+00  0.7721E+00  0.1979E+02  0.9843E+01  0.1027E-01  0.5970E+01  0.7141E+01  0.1128E+02  0.7216E+00  0.7816E+01  0.4316E+01  0.3254E+01  0.4914E+01  0.8657E+00  0.9395E-02  0.1666E-02  0.2915E-05  0.6375E-06
    62.000  224.60  0.1977E-01  0.1866E+02  0.4285E-01  0.6710E+02  0.4023E+02  0.3773E+02  0.1373E+02  0.1134E+02  0.8882E+01  0.8490E+01  0.3571E+01  0.1116E+01  0.3342E+00  0.3479E+00  0.2585E+00  0.7721E+00  0.1979E+02  0.9843E+01  0.1027E-01  0.5970E+01  0.7141E+01  0.1128E+02  0.7216E+00  0.7816E+01  0.4316E+01  0.3254E+01  0.4914E+01  0.8657E+00  0.9395E-02  0.1666E-02  0.2915E-05  0.6375E-06
    62.500  224.85  0.1981E-01  0.1869E+02  0.4295E-01  0.6727E+02  0.4037E+02  0.3788E+02  0.1379E+02  0.1139E+02  0.8925E+01  0.8531E+01  0.3588E+01  0.1121E+01  0.3358E+00  0.3496E+00  0.2598E+00  0.7759E+00  0.1991E+02  0.9898E+01  0.1035E-01  0.6014E+01  0.7193E+01  0.1136E+02  0.7268E+00  0.7880E+01  0.4355E+01  0.3285E+01  0.4968E+01  0.8781E+00  0.9583E-02  0.1704E-02  0.3004E-05  0.6586E-06
    63.000  225.10  0.1984E-01  0.1872E+02  0.4306E-01  0.6744E+02  0.4050E+02  0.3803E+02  0.1386E+02  0.1145E+02  0.8968E+01  0.8572E+01  0.3606E+01  0.1127E+01  0.3375E+00  0.3513E+00  0.2610E+00  0.7796E+00  0.2004E+02  0.9954E+01  0.1043E-01  0.6058E+01  0.7245E+01  0.1143E+02  0.7320E+00  0.7945E+01  0.4394E+01  0.3317E+01  0.5023E+01  0.8905E+00  0.9773E-02  0.1743E-02  0.3095E-05  0.6803E-06
    63.500  225.95  0.1995E-01  0.1883E+02  0.4342E-01  0.6803E+02  0.4097E+02  0.3856E+02  0.1410E+02  0.1164E+02  0.9115E+01  0.8713E+01  0.3665E+01  0.1145E+01  0.3430E+00  0.3570E+00  0.2653E+00  0.7924E+00  0.2045E+02  0.1014E+02  0.1070E-01  0.6208E+01  0.7424E+01  0.1170E+02  0.7500E+00  0.8168E+01  0.4528E+01  0.3426E+01  0.5213E+01  0.9342E+00  0.1045E-01  0.1881E-02  0.3425E-05  0.7594E-06
    64.000  226.80  0.2007E-01  0.1894E+02  0.4378E-01  0.6861E+02  0.4144E+02  0.3908E+02  0.1434E+02  0.1183E+02  0.9263E+01  0.8855E+01  0.3724E+01  0.1164E+01  0.3485E+00  0.3628E+00  0.2696E+00  0.8053E+00  0.2087E+02  0.1034E+02  0.1097E-01  0.6361E+01  0.7606E+01  0.1197E+02  0.7682E+00  0.8396E+01  0.4666E+01  0.3538E+01  0.5408E+01  0.9796E+00  0.1116E-01  0.2030E-02  0.3787E-05  0.8470E-06
    64.500  228.00  0.2023E-01  0.1909E+02  0.4429E-01  0.6945E+02  0.4211E+02  0.3983E+02  0.1468E+02  0.1210E+02  0.9475E+01  0.9057E+01  0.3809E+01  0.1190E+01  0.3565E+00  0.3711E+00  0.2758E+00  0.8237E+00  0.2147E+02  0.1061E+02  0.1137E-01  0.6582E+01  0.7868E+01  0.1236E+02  0.7945E+00  0.8725E+01  0.4865E+01  0.3700E+01  0.5694E+01  0.1047E+01  0.1225E-01  0.2257E-02  0.4358E-05  0.9868E-06
    65.000  229.20  0.2039E-01  0.1925E+02  0.4481E-01  0.7028E+02  0.4278E+02  0.4058E+02  0.1503E+02  0.1237E+02  0.9689E+01  0.9262E+01  0.3895E+01  0.1217E+01  0.3645E+00  0.3794E+00  0.2820E+00  0.8423E+00  0.2208E+02  0.1089E+02  0.1177E-01  0.6808E+01  0.8136E+01  0.1276E+02  0.8213E+00  0.9064E+01  0.5071E+01  0.3869E+01  0.5992E+01  0.1118E+01  0.1342E-01  0.2507E-02  0.5008E-05  0.1148E-05
    65.500  230.45  0.2055E-01  0.1941E+02  0.4534E-01  0.7115E+02  0.4348E+02  0.4137E+02  0.1539E+02  0.1266E+02  0.9915E+01  0.9478E+01  0.3986E+01  0.1246E+01  0.3730E+00  0.3883E+00  0.2886E+00  0.8619E+00  0.2273E+02  0.1119E+02  0.1221E-01  0.7048E+01  0.8422E+01  0.1318E+02  0.8500E+00  0.9426E+01  0.5292E+01  0.4050E+01  0.6316E+01  0.1197E+01  0.1475E-01  0.2794E-02  0.5780E-05  0.1342E-05
    66.000  231.70  0.2072E-01  0.1957E+02  0.4588E-01  0.7203E+02  0.4419E+02  0.4217E+02  0.1577E+02  0.1296E+02  0.1014E+02  0.9697E+01  0.4078E+01  0.1274E+01  0.3816E+00  0.3972E+00  0.2953E+00  0.8818E+00  0.2339E+02  0.1149E+02  0.1265E-01  0.7295E+01  0.8715E+01  0.1362E+02  0.8793E+00  0.9799E+01  0.5520E+01  0.4238E+01  0.6653E+01  0.1280E+01  0.1620E-01  0.3111E-02  0.6661E-05  0.1565E-05
    66.500  232.90  0.2088E-01  0.1972E+02  0.4640E-01  0.7287E+02  0.4487E+02  0.4294E+02  0.1613E+02  0.1324E+02  0.1037E+02  0.9909E+01  0.4168E+01  0.1302E+01  0.3899E+00  0.4059E+00  0.3018E+00  0.9011E+00  0.2404E+02  0.1178E+02  0.1309E-01  0.7537E+01  0.9002E+01  0.1404E+02  0.9082E+00  0.1017E+02  0.5745E+01  0.4425E+01  0.6991E+01  0.1364E+01  0.1770E-01  0.3445E-02  0.7621E-05  0.1812E-05
    67.000  234.10  0.2104E-01  0.1988E+02  0.4691E-01  0.7372E+02  0.4556E+02  0.4372E+02  0.1649E+02  0.1353E+02  0.1059E+02  0.1012E+02  0.4258E+01  0.1330E+01  0.3984E+00  0.4147E+00  0.3083E+00  0.9207E+00  0.2470E+02  0.1208E+02  0.1353E-01  0.7785E+01  0.9296E+01  0.1447E+02  0.9376E+00  0.1055E+02  0.5978E+01  0.4618E+01  0.7341E+01  0.1453E+01  0.1933E-01  0.3810E-02  0.8708E-05  0.2095E-05
    67.500  234.65  0.2111E-01  0.1995E+02  0.4715E-01  0.7410E+02  0.4587E+02  0.4408E+02  0.1666E+02  0.1367E+02  0.1069E+02  0.1022E+02  0.4300E+01  0.1343E+01  0.4023E+00  0.4187E+00  0.3113E+00  0.9297E+00  0.2500E+02  0.1222E+02  0.1374E-01  0.7900E+01  0.9433E+01  0.1468E+02  0.9513E+00  0.1072E+02  0.6087E+01  0.4708E+01  0.7507E+01  0.1496E+01  0.2011E-01  0.3989E-02  0.9253E-05  0.2238E-05
    68.000  235.20  0.2119E-01  0.2002E+02  0.4739E-01  0.7449E+02  0.4619E+02  0.4445E+02  0.1683E+02  0.1380E+02  0.1080E+02  0.1032E+02  0.4342E+01  0.1356E+01  0.4062E+00  0.4228E+00  0.3144E+00  0.9388E+00  0.2531E+02  0.1236E+02  0.1395E-01  0.8017E+01  0.9572E+01  0.1488E+02  0.9652E+00  0.1090E+02  0.6197E+01  0.4800E+01  0.7675E+01  0.1539E+01  0.2093E-01  0.4176E-02  0.9829E-05  0.2390E-05
    68.500  235.25  0.2120E-01  0.2002E+02  0.4741E-01  0.7453E+02  0.4622E+02  0.4448E+02  0.1685E+02  0.1381E+02  0.1081E+02  0.1033E+02  0.4346E+01  0.1358E+01  0.4066E+00  0.4232E+00  0.3147E+00  0.9396E+00  0.2534E+02  0.1237E+02  0.1397E-01  0.8027E+01  0.9584E+01  0.1490E+02  0.9664E+00  0.1092E+02  0.6207E+01  0.4808E+01  0.7691E+01  0.1543E+01  0.2101E-01  0.4193E-02  0.9883E-05  0.2404E-05
    69.000  235.30  0.2120E-01  0.2003E+02  0.4743E-01  0.7456E+02  0.4625E+02  0.4451E+02  0.1686E+02  0.1382E+02  0.1082E+02  0.1034E+02  0.4350E+01  0.1359E+01  0.4069E+00  0.4236E+00  0.3149E+00  0.9404E+00  0.2537E+02  0.1238E+02  0.1399E-01  0.8038E+01  0.9597E+01  0.1492E+02  0.9677E+00  0.1093E+02  0.6217E+01  0.4817E+01  0.7706E+01  0.1547E+01  0.2108E-01  0.4211E-02  0.9937E-05  0.2418E-05
    69.500  234.85  0.2114E-01  0.1997E+02  0.4724E-01  0.7425E+02  0.4599E+02  0.4422E+02  0.1672E+02  0.1371E+02  0.1073E+02  0.1026E+02  0.4315E+01  0.1348E+01  0.4037E+00  0.4202E+00  0.3124E+00  0.9330E+00  0.2511E+02  0.1227E+02  0.1382E-01  0.7942E+01  0.9484E+01  0.1475E+02  0.9563E+00  0.1079E+02  0.6127E+01  0.4741E+01  0.7568E+01  0.1511E+01  0.2041E-01  0.4056E-02  0.9459E-05  0.2292E-05
    70.000  234.40  0.2108E-01  0.1991E+02  0.4704E-01  0.7393E+02  0.4573E+02  0.4392E+02  0.1658E+02  0.1361E+02  0.1065E+02  0.1018E+02  0.4281E+01  0.1337E+01  0.4005E+00  0.4169E+00  0.3100E+00  0.9256E+00  0.2486E+02  0.1216E+02  0.1364E-01  0.7848E+01  0.9371E+01  0.1458E+02  0.9451E+00  0.1064E+02  0.6037E+01  0.4667E+01  0.7431E+01  0.1476E+01  0.1975E-01  0.3907E-02  0.9002E-05  0.2172E-05
    71.000  233.40  0.2095E-01  0.1979E+02  0.4661E-01  0.7322E+02  0.4516E+02  0.4327E+02  0.1628E+02  0.1336E+02  0.1046E+02  0.9999E+01  0.4205E+01  0.1314E+01  0.3935E+00  0.4095E+00  0.3045E+00  0.9092E+00  0.2431E+02  0.1191E+02  0.1327E-01  0.7640E+01  0.9124E+01  0.1422E+02  0.9204E+00  0.1032E+02  0.5841E+01  0.4505E+01  0.7135E+01  0.1401E+01  0.1836E-01  0.3593E-02  0.8058E-05  0.1925E-05
    72.000  232.00  0.2076E-01  0.1961E+02  0.4601E-01  0.7224E+02  0.4436E+02  0.4236E+02  0.1585E+02  0.1303E+02  0.1020E+02  0.9750E+01  0.4101E+01  0.1281E+01  0.3837E+00  0.3994E+00  0.2969E+00  0.8866E+00  0.2355E+02  0.1156E+02  0.1276E-01  0.7355E+01  0.8786E+01  0.1372E+02  0.8865E+00  0.9890E+01  0.5575E+01  0.4284E+01  0.6737E+01  0.1300E+01  0.1656E-01  0.3191E-02  0.6890E-05  0.1624E-05
    73.000  230.90  0.2061E-01  0.1947E+02  0.4553E-01  0.7147E+02  0.4373E+02  0.4166E+02  0.1553E+02  0.1277E+02  0.9997E+01  0.9557E+01  0.4019E+01  0.1256E+01  0.3761E+00  0.3915E+00  0.2910E+00  0.8691E+00  0.2297E+02  0.1130E+02  0.1236E-01  0.7136E+01  0.8526E+01  0.1334E+02  0.8605E+00  0.9559E+01  0.5373E+01  0.4117E+01  0.6436E+01  0.1226E+01  0.1526E-01  0.2905E-02  0.6084E-05  0.1418E-05
    74.000  229.50  0.2043E-01  0.1929E+02  0.4493E-01  0.7049E+02  0.4294E+02  0.4077E+02  0.1512E+02  0.1244E+02  0.9743E+01  0.9314E+01  0.3917E+01  0.1224E+01  0.3666E+00  0.3815E+00  0.2836E+00  0.8470E+00  0.2224E+02  0.1096E+02  0.1188E-01  0.6865E+01  0.8204E+01  0.1286E+02  0.8282E+00  0.9150E+01  0.5123E+01  0.3912E+01  0.6069E+01  0.1137E+01  0.1373E-01  0.2574E-02  0.5184E-05  0.1192E-05
    75.000  228.10  0.2024E-01  0.1911E+02  0.4434E-01  0.6952E+02  0.4216E+02  0.3989E+02  0.1471E+02  0.1212E+02  0.9492E+01  0.9074E+01  0.3816E+01  0.1193E+01  0.3572E+00  0.3718E+00  0.2763E+00  0.8252E+00  0.2152E+02  0.1063E+02  0.1140E-01  0.6600E+01  0.7890E+01  0.1239E+02  0.7967E+00  0.8753E+01  0.4882E+01  0.3714E+01  0.5719E+01  0.1053E+01  0.1234E-01  0.2277E-02  0.4409E-05  0.9994E-06
    75.500  227.00  0.2009E-01  0.1897E+02  0.4387E-01  0.6875E+02  0.4155E+02  0.3920E+02  0.1440E+02  0.1187E+02  0.9298E+01  0.8888E+01  0.3738E+01  0.1168E+01  0.3499E+00  0.3642E+00  0.2706E+00  0.8083E+00  0.2097E+02  0.1038E+02  0.1104E-01  0.6398E+01  0.7649E+01  0.1204E+02  0.7725E+00  0.8450E+01  0.4698E+01  0.3564E+01  0.5455E+01  0.9906E+00  0.1134E-01  0.2066E-02  0.3877E-05  0.8690E-06
    76.000  225.90  0.1995E-01  0.1883E+02  0.4340E-01  0.6799E+02  0.4094E+02  0.3852E+02  0.1409E+02  0.1163E+02  0.9106E+01  0.8705E+01  0.3661E+01  0.1144E+01  0.3426E+00  0.3567E+00  0.2651E+00  0.7916E+00  0.2042E+02  0.1013E+02  0.1068E-01  0.6199E+01  0.7413E+01  0.1169E+02  0.7489E+00  0.8155E+01  0.4520E+01  0.3419E+01  0.5201E+01  0.9316E+00  0.1041E-01  0.1873E-02  0.3404E-05  0.7545E-06
    77.000  223.70  0.1965E-01  0.1854E+02  0.4247E-01  0.6648E+02  0.3974E+02  0.3718E+02  0.1348E+02  0.1114E+02  0.8729E+01  0.8344E+01  0.3509E+01  0.1097E+01  0.3285E+00  0.3419E+00  0.2541E+00  0.7588E+00  0.1936E+02  0.9645E+01  0.9998E-02  0.5816E+01  0.6957E+01  0.1100E+02  0.7031E+00  0.7587E+01  0.4179E+01  0.3143E+01  0.4722E+01  0.8225E+00  0.8747E-02  0.1535E-02  0.2615E-05  0.5666E-06
    78.000  221.40  0.1935E-01  0.1825E+02  0.4150E-01  0.6491E+02  0.3849E+02  0.3580E+02  0.1286E+02  0.1065E+02  0.8344E+01  0.7975E+01  0.3354E+01  0.1048E+01  0.3140E+00  0.3269E+00  0.2428E+00  0.7253E+00  0.1830E+02  0.9151E+01  0.9315E-02  0.5432E+01  0.6501E+01  0.1032E+02  0.6574E+00  0.7025E+01  0.3844E+01  0.2872E+01  0.4260E+01  0.7202E+00  0.7268E-02  0.1241E-02  0.1974E-05  0.4175E-06
    79.000  218.50  0.1896E-01  0.1788E+02  0.4029E-01  0.6294E+02  0.3695E+02  0.3410E+02  0.1210E+02  0.1004E+02  0.7872E+01  0.7524E+01  0.3165E+01  0.9893E+00  0.2963E+00  0.3084E+00  0.2291E+00  0.6843E+00  0.1700E+02  0.8551E+01  0.8503E-02  0.4975E+01  0.5957E+01  0.9503E+01  0.6028E+00  0.6361E+01  0.3450E+01  0.2557E+01  0.3729E+01  0.6069E+00  0.5722E-02  0.9438E-03  0.1373E-05  0.2815E-06
    80.000  215.00  0.1850E-01  0.1744E+02  0.3884E-01  0.6059E+02  0.3512E+02  0.3210E+02  0.1122E+02  0.9340E+01  0.7323E+01  0.6999E+01  0.2944E+01  0.9204E+00  0.2757E+00  0.2869E+00  0.2131E+00  0.6366E+00  0.1552E+02  0.7860E+01  0.7591E-02  0.4460E+01  0.5344E+01  0.8576E+01  0.5412E+00  0.5623E+01  0.3017E+01  0.2214E+01  0.3162E+01  0.4907E+00  0.4252E-02  0.6718E-03  0.8748E-06  0.1726E-06
    82.000  206.50  0.1738E-01  0.1636E+02  0.3539E-01  0.5500E+02  0.3084E+02  0.2750E+02  0.9251E+01  0.7753E+01  0.6084E+01  0.5814E+01  0.2445E+01  0.7649E+00  0.2291E+00  0.2385E+00  0.1770E+00  0.5288E+00  0.1228E+02  0.6330E+01  0.5672E-02  0.3368E+01  0.4043E+01  0.6589E+01  0.4104E+00  0.4095E+01  0.2137E+01  0.1528E+01  0.2070E+01  0.2847E+00  0.1983E-02  0.2808E-03  0.2746E-06  0.4912E-07
    84.000  197.00  0.1613E-01  0.1517E+02  0.3164E-01  0.4895E+02  0.2635E+02  0.2278E+02  0.7315E+01  0.6182E+01  0.4856E+01  0.4638E+01  0.1951E+01  0.6106E+00  0.1829E+00  0.1904E+00  0.1412E+00  0.4219E+00  0.9237E+01  0.4863E+01  0.3976E-02  0.2391E+01  0.2878E+01  0.4780E+01  0.2930E+00  0.2782E+01  0.1403E+01  0.9720E+00  0.1236E+01  0.1469E+00  0.7824E-03  0.9713E-04  0.6688E-07  0.1064E-07
    86.000  189.00  0.1509E-01  0.1418E+02  0.2859E-01  0.4404E+02  0.2282E+02  0.1918E+02  0.5897E+01  0.5022E+01  0.3948E+01  0.3770E+01  0.1586E+01  0.4964E+00  0.1487E+00  0.1548E+00  0.1147E+00  0.3429E+00  0.7108E+01  0.3816E+01  0.2868E-02  0.1746E+01  0.2105E+01  0.3559E+01  0.2149E+00  0.1949E+01  0.9528E+00  0.6412E+00  0.7697E+00  0.8013E-01  0.3329E-03  0.3666E-04  0.1824E-07  0.2609E-08
    88.000  183.10  0.1433E-01  0.1345E+02  0.2640E-01  0.4054E+02  0.2036E+02  0.1673E+02  0.4973E+01  0.4260E+01  0.3351E+01  0.3198E+01  0.1345E+01  0.4214E+00  0.1262E+00  0.1314E+00  0.9731E-01  0.2910E+00  0.5774E+01  0.3149E+01  0.2214E-02  0.1360E+01  0.1643E+01  0.2817E+01  0.1682E+00  0.1470E+01  0.7010E+00  0.4610E+00  0.5290E+00  0.4960E-01  0.1691E-03  0.1695E-04  0.6510E-08  0.8565E-09
    90.000  179.10  0.1382E-01  0.1296E+02  0.2496E-01  0.3822E+02  0.1878E+02  0.1518E+02  0.4403E+01  0.3788E+01  0.2980E+01  0.2844E+01  0.1196E+01  0.3748E+00  0.1123E+00  0.1169E+00  0.8651E-01  0.2587E+00  0.4977E+01  0.2745E+01  0.1839E-02  0.1137E+01  0.1377E+01  0.2383E+01  0.1411E+00  0.1202E+01  0.5628E+00  0.3641E+00  0.4047E+00  0.3522E-01  0.1041E-03  0.9763E-05  0.3116E-08  0.3863E-09
    92.000  176.60  0.1350E-01  0.1266E+02  0.2406E-01  0.3680E+02  0.1782E+02  0.1425E+02  0.4069E+01  0.3510E+01  0.2762E+01  0.2636E+01  0.1109E+01  0.3474E+00  0.1041E+00  0.1083E+00  0.8017E-01  0.2398E+00  0.4520E+01  0.2511E+01  0.1631E-02  0.1013E+01  0.1227E+01  0.2139E+01  0.1259E+00  0.1054E+01  0.4882E+00  0.3124E+00  0.3403E+00  0.2822E-01  0.7609E-04  0.6832E-05  0.1933E-08  0.2307E-09
    94.000  174.10  0.1318E-01  0.1235E+02  0.2318E-01  0.3539E+02  0.1689E+02  0.1336E+02  0.3752E+01  0.3246E+01  0.2555E+01  0.2437E+01  0.1025E+01  0.3213E+00  0.9624E-01  0.1002E+00  0.7413E-01  0.2218E+00  0.4094E+01  0.2291E+01  0.1442E-02  0.8995E+00  0.1091E+01  0.1914E+01  0.1121E+00  0.9217E+00  0.4217E+00  0.2669E+00  0.2847E+00  0.2248E-01  0.5510E-04  0.4734E-05  0.1183E-08  0.1358E-09
    96.000  172.60  0.1299E-01  0.1217E+02  0.2266E-01  0.3456E+02  0.1634E+02  0.1284E+02  0.3570E+01  0.3094E+01  0.2436E+01  0.2323E+01  0.9773E+00  0.3063E+00  0.9174E-01  0.9551E-01  0.7065E-01  0.2114E+00  0.3853E+01  0.2166E+01  0.1337E-02  0.8361E+00  0.1015E+01  0.1787E+01  0.1043E+00  0.8487E+00  0.3855E+00  0.2424E+00  0.2552E+00  0.1955E-01  0.4520E-04  0.3779E-05  0.8750E-09  0.9805E-10
    98.000  171.70  0.1288E-01  0.1206E+02  0.2235E-01  0.3407E+02  0.1601E+02  0.1253E+02  0.3464E+01  0.3005E+01  0.2366E+01  0.2256E+01  0.9492E+00  0.2975E+00  0.8911E-01  0.9277E-01  0.6862E-01  0.2053E+00  0.3713E+01  0.2093E+01  0.1276E-02  0.7997E+00  0.9708E+00  0.1714E+01  0.9985E-01  0.8071E+00  0.3650E+00  0.2285E+00  0.2388E+00  0.1796E-01  0.4007E-04  0.3296E-05  0.7284E-09  0.8045E-10
   100.000  171.90  0.1290E-01  0.1209E+02  0.2242E-01  0.3418E+02  0.1608E+02  0.1260E+02  0.3488E+01  0.3024E+01  0.2381E+01  0.2271E+01  0.9554E+00  0.2994E+00  0.8969E-01  0.9337E-01  0.6907E-01  0.2066E+00  0.3744E+01  0.2109E+01  0.1290E-02  0.8077E+00  0.9804E+00  0.1730E+01  0.1008E+00  0.8162E+00  0.3694E+00  0.2315E+00  0.2424E+00  0.1830E-01  0.4116E-04  0.3398E-05  0.7588E-09  0.8408E-10
   102.000  172.00  0.1292E-01  0.1210E+02  0.2245E-01  0.3423E+02  0.1612E+02  0.1263E+02  0.3499E+01  0.3034E+01  0.2389E+01  0.2278E+01  0.9585E+00  0.3004E+00  0.8998E-01  0.9368E-01  0.6929E-01  0.2073E+00  0.3759E+01  0.2117E+01  0.1296E-02  0.8117E+00  0.9852E+00  0.1738E+01  0.1013E+00  0.8208E+00  0.3717E+00  0.2331E+00  0.2442E+00  0.1848E-01  0.4172E-04  0.3450E-05  0.7744E-09  0.8595E-10
   104.000  172.00  0.1292E-01  0.1210E+02  0.2245E-01  0.3423E+02  0.1612E+02  0.1263E+02  0.3499E+01  0.3034E+01  0.2389E+01  0.2278E+01  0.9585E+00  0.3004E+00  0.8998E-01  0.9368E-01  0.6929E-01  0.2073E+00  0.3759E+01  0.2117E+01  0.1296E-02  0.8117E+00  0.9852E+00  0.1738E+01  0.1013E+00  0.8208E+00  0.3717E+00  0.2331E+00  0.2442E+00  0.1848E-01  0.4172E-04  0.3450E-05  0.7744E-09  0.8595E-10
   106.000  173.50  0.1311E-01  0.1228E+02  0.2297E-01  0.3506E+02  0.1666E+02  0.1315E+02  0.3679E+01  0.3184E+01  0.2507E+01  0.2391E+01  0.1006E+01  0.3152E+00  0.9442E-01  0.9831E-01  0.7273E-01  0.2176E+00  0.3997E+01  0.2241E+01  0.1399E-02  0.8737E+00  0.1060E+01  0.1862E+01  0.1089E+00  0.8919E+00  0.4069E+00  0.2569E+00  0.2726E+00  0.2126E-01  0.5093E-04  0.4328E-05  0.1049E-08  0.1193E-09
   108.000  175.00  0.1330E-01  0.1246E+02  0.2350E-01  0.3590E+02  0.1722E+02  0.1367E+02  0.3864E+01  0.3339E+01  0.2628E+01  0.2508E+01  0.1055E+01  0.3305E+00  0.9901E-01  0.1031E+00  0.7627E-01  0.2281E+00  0.4244E+01  0.2369E+01  0.1508E-02  0.9392E+00  0.1138E+01  0.1993E+01  0.1169E+00  0.9679E+00  0.4447E+00  0.2826E+00  0.3038E+00  0.2442E-01  0.6196E-04  0.5409E-05  0.1414E-08  0.1646E-09
   110.000  177.00  0.1355E-01  0.1271E+02  0.2421E-01  0.3702E+02  0.1797E+02  0.1440E+02  0.4121E+01  0.3553E+01  0.2796E+01  0.2668E+01  0.1122E+01  0.3517E+00  0.1053E+00  0.1097E+00  0.8117E-01  0.2428E+00  0.4591E+01  0.2547E+01  0.1663E-02  0.1032E+01  0.1250E+01  0.2177E+01  0.1283E+00  0.1077E+01  0.4995E+00  0.3202E+00  0.3500E+00  0.2925E-01  0.8006E-04  0.7239E-05  0.2088E-08  0.2508E-09
   112.000  179.00  0.1381E-01  0.1295E+02  0.2492E-01  0.3816E+02  0.1874E+02  0.1514E+02  0.4389E+01  0.3776E+01  0.2971E+01  0.2835E+01  0.1193E+01  0.3736E+00  0.1119E+00  0.1165E+00  0.8626E-01  0.2580E+00  0.4958E+01  0.2735E+01  0.1831E-02  0.1132E+01  0.1370E+01  0.2373E+01  0.1405E+00  0.1195E+01  0.5596E+00  0.3619E+00  0.4020E+00  0.3492E-01  0.1029E-03  0.9627E-05  0.3057E-08  0.3785E-09
   116.000  184.00  0.1445E-01  0.1356E+02  0.2673E-01  0.4107E+02  0.2073E+02  0.1709E+02  0.5107E+01  0.4371E+01  0.3438E+01  0.3282E+01  0.1381E+01  0.4323E+00  0.1295E+00  0.1348E+00  0.9985E-01  0.2986E+00  0.5965E+01  0.3245E+01  0.2305E-02  0.1414E+01  0.1708E+01  0.2922E+01  0.1748E+00  0.1537E+01  0.7355E+00  0.4855E+00  0.5610E+00  0.5347E-01  0.1880E-03  0.1912E-04  0.7651E-08  0.1020E-08
   120.000  190.00  0.1522E-01  0.1430E+02  0.2897E-01  0.4465E+02  0.2324E+02  0.1961E+02  0.6064E+01  0.5159E+01  0.4055E+01  0.3872E+01  0.1629E+01  0.5099E+00  0.1527E+00  0.1590E+00  0.1178E+00  0.3523E+00  0.7353E+01  0.3938E+01  0.2992E-02  0.1818E+01  0.2192E+01  0.3698E+01  0.2237E+00  0.2041E+01  0.1002E+01  0.6767E+00  0.8184E+00  0.8667E-01  0.3719E-03  0.4159E-04  0.2159E-07  0.3130E-08
   124.000  196.00  0.1600E-01  0.1505E+02  0.3126E-01  0.4833E+02  0.2589E+02  0.2231E+02  0.7127E+01  0.6029E+01  0.4736E+01  0.4524E+01  0.1903E+01  0.5955E+00  0.1784E+00  0.1857E+00  0.1377E+00  0.4115E+00  0.8950E+01  0.4723E+01  0.3823E-02  0.2302E+01  0.2771E+01  0.4613E+01  0.2822E+00  0.2665E+01  0.1339E+01  0.9245E+00  0.1167E+01  0.1366E+00  0.7058E-03  0.8635E-04  0.5718E-07  0.8979E-08
   128.000  204.00  0.1705E-01  0.1605E+02  0.3439E-01  0.5339E+02  0.2963E+02  0.2621E+02  0.8715E+01  0.7319E+01  0.5745E+01  0.5489E+01  0.2309E+01  0.7223E+00  0.2163E+00  0.2252E+00  0.1671E+00  0.4993E+00  0.1143E+02  0.5920E+01  0.5182E-02  0.3087E+01  0.3708E+01  0.6073E+01  0.3767E+00  0.3712E+01  0.1920E+01  0.1362E+01  0.1815E+01  0.2406E+00  0.1565E-02  0.2143E-03  0.1918E-06  0.3329E-07
   132.000  212.00  0.1810E-01  0.1706E+02  0.3761E-01  0.5860E+02  0.3358E+02  0.3044E+02  0.1050E+02  0.8760E+01  0.6871E+01  0.6566E+01  0.2762E+01  0.8636E+00  0.2587E+00  0.2692E+00  0.1999E+00  0.5972E+00  0.1432E+02  0.7296E+01  0.6867E-02  0.4049E+01  0.4855E+01  0.7833E+01  0.4921E+00  0.5042E+01  0.2679E+01  0.1949E+01  0.2733E+01  0.4069E+00  0.3271E-02  0.4976E-03  0.5874E-06  0.1120E-06
   136.000  220.00  0.1916E-01  0.1807E+02  0.4092E-01  0.6396E+02  0.3774E+02  0.3498E+02  0.1249E+02  0.1035E+02  0.8114E+01  0.7756E+01  0.3262E+01  0.1020E+01  0.3054E+00  0.3179E+00  0.2361E+00  0.7054E+00  0.1766E+02  0.8858E+01  0.8916E-02  0.5208E+01  0.6234E+01  0.9921E+01  0.6306E+00  0.6699E+01  0.3650E+01  0.2717E+01  0.3997E+01  0.6635E+00  0.6481E-02  0.1088E-02  0.1659E-05  0.3456E-06
   140.000  230.00  0.2049E-01  0.1935E+02  0.4515E-01  0.7084E+02  0.4323E+02  0.4109E+02  0.1526E+02  0.1256E+02  0.9833E+01  0.9400E+01  0.3954E+01  0.1235E+01  0.3699E+00  0.3851E+00  0.2862E+00  0.8548E+00  0.2250E+02  0.1108E+02  0.1205E-01  0.6961E+01  0.8318E+01  0.1303E+02  0.8396E+00  0.9295E+01  0.5211E+01  0.3984E+01  0.6198E+01  0.1168E+01  0.1426E-01  0.2688E-02  0.5490E-05  0.1269E-05
   144.000  240.00  0.2183E-01  0.2064E+02  0.4949E-01  0.7791E+02  0.4900E+02  0.4766E+02  0.1835E+02  0.1500E+02  0.1173E+02  0.1122E+02  0.4718E+01  0.1474E+01  0.4413E+00  0.4593E+00  0.3416E+00  0.1020E+01  0.2809E+02  0.1361E+02  0.1588E-01  0.9084E+01  0.1084E+02  0.1673E+02  0.1092E+01  0.1255E+02  0.7224E+01  0.5660E+01  0.9274E+01  0.1965E+01  0.2940E-01  0.6169E-02  0.1645E-04  0.4187E-05
   148.000  250.00  0.2318E-01  0.2193E+02  0.5392E-01  0.8516E+02  0.5504E+02  0.5466E+02  0.2176E+02  0.1768E+02  0.1381E+02  0.1321E+02  0.5554E+01  0.1734E+01  0.5193E+00  0.5405E+00  0.4022E+00  0.1201E+01  0.3447E+02  0.1645E+02  0.2048E-01  0.1161E+02  0.1383E+02  0.2107E+02  0.1391E+01  0.1655E+02  0.9756E+01  0.7819E+01  0.1345E+02  0.3179E+01  0.5723E-01  0.1328E-01  0.4518E-04  0.1259E-04
