     0.000   11.43066  0.3994E+05  0.5572E+03  0.2970E+05  0.3652E+03  0.1050E+04  0.3402E+04  0.1069E+05  0.2754E+05  0.5703E+05  0.1193E+06  0.2644E+06  0.5654E+06  0.7632E+06  0.1301E+07  0.2050E+07  0.4029E+09  0.1827E+04  0.4185E+04  0.1442E+05  0.1050E+04  0.1827E+04  0.2233E+04  0.1069E+05  0.6123E+03  0.2241E+03  0.1109E+04  0.5267E+02  0.4924E+08  0.5985E+01  0.9419E+07  0.3249E+00  0.3082E+14
     2.000   11.30333  0.3606E+05  0.5031E+03  0.2682E+05  0.3298E+03  0.9479E+03  0.3073E+04  0.9655E+04  0.2487E+05  0.5150E+05  0.1077E+06  0.2388E+06  0.5106E+06  0.6892E+06  0.1174E+07  0.1851E+07  0.3639E+09  0.1650E+04  0.3779E+04  0.1302E+05  0.9479E+03  0.1650E+04  0.2017E+04  0.9655E+04  0.5529E+03  0.1904E+03  0.9971E+03  0.4712E+02  0.4447E+08  0.5209E+01  0.8506E+07  0.2865E+00  0.2783E+14
     4.000   11.17327  0.3250E+05  0.4534E+03  0.2417E+05  0.2972E+03  0.8542E+03  0.2769E+04  0.8701E+04  0.2241E+05  0.4641E+05  0.9707E+05  0.2152E+06  0.4601E+06  0.6211E+06  0.1058E+07  0.1668E+07  0.3279E+09  0.1487E+04  0.3406E+04  0.1173E+05  0.8542E+03  0.1487E+04  0.1817E+04  0.8701E+04  0.4984E+03  0.1615E+03  0.8940E+03  0.4087E+02  0.4007E+08  0.4252E+01  0.7665E+07  0.2468E+00  0.2508E+14
     6.000   11.04053  0.2924E+05  0.4080E+03  0.2175E+05  0.2674E+03  0.7686E+03  0.2491E+04  0.7829E+04  0.2016E+05  0.4176E+05  0.8734E+05  0.1936E+06  0.4140E+06  0.5588E+06  0.9523E+06  0.1501E+07  0.2950E+09  0.1338E+04  0.3064E+04  0.1056E+05  0.7686E+03  0.1338E+04  0.1635E+04  0.7829E+04  0.4484E+03  0.1432E+03  0.8017E+03  0.3479E+02  0.3606E+08  0.3381E+01  0.6897E+07  0.2127E+00  0.2257E+14
     8.000   10.90488  0.2611E+05  0.3642E+03  0.1941E+05  0.2387E+03  0.6863E+03  0.2224E+04  0.6990E+04  0.1800E+05  0.3728E+05  0.7799E+05  0.1729E+06  0.3696E+06  0.4990E+06  0.8502E+06  0.1340E+07  0.2634E+09  0.1194E+04  0.2736E+04  0.9427E+04  0.6863E+03  0.1194E+04  0.1460E+04  0.6990E+04  0.4004E+03  0.1209E+03  0.7137E+03  0.2950E+02  0.3219E+08  0.2669E+01  0.6158E+07  0.1819E+00  0.2015E+14
    10.000   10.76618  0.2328E+05  0.3248E+03  0.1731E+05  0.2129E+03  0.6120E+03  0.1984E+04  0.6234E+04  0.1605E+05  0.3325E+05  0.6955E+05  0.1542E+06  0.3296E+06  0.4450E+06  0.7583E+06  0.1195E+07  0.2349E+09  0.1065E+04  0.2440E+04  0.8407E+04  0.6120E+03  0.1065E+04  0.1302E+04  0.6234E+04  0.3571E+03  0.9777E+02  0.6351E+03  0.2506E+02  0.2871E+08  0.2104E+01  0.5492E+07  0.1554E+00  0.1797E+14
    12.000   10.62428  0.2077E+05  0.2898E+03  0.1545E+05  0.1900E+03  0.5459E+03  0.1769E+04  0.5560E+04  0.1432E+05  0.2965E+05  0.6203E+05  0.1375E+06  0.2940E+06  0.3969E+06  0.6763E+06  0.1066E+07  0.2095E+09  0.9499E+03  0.2176E+04  0.7498E+04  0.5459E+03  0.9499E+03  0.1161E+04  0.5560E+04  0.3185E+03  0.7876E+02  0.5653E+03  0.2133E+02  0.2561E+08  0.1658E+01  0.4898E+07  0.1328E+00  0.1603E+14
    14.000   10.47929  0.1830E+05  0.2554E+03  0.1361E+05  0.1674E+03  0.4811E+03  0.1560E+04  0.4901E+04  0.1262E+05  0.2614E+05  0.5468E+05  0.1212E+06  0.2592E+06  0.3498E+06  0.5961E+06  0.9396E+06  0.1847E+09  0.8373E+03  0.1918E+04  0.6609E+04  0.4811E+03  0.8373E+03  0.1024E+04  0.4901E+04  0.2807E+03  0.6239E+02  0.4974E+03  0.1791E+02  0.2257E+08  0.1293E+01  0.4317E+07  0.1122E+00  0.1413E+14
    16.000   10.33072  0.1616E+05  0.2255E+03  0.1202E+05  0.1478E+03  0.4246E+03  0.1376E+04  0.4325E+04  0.1114E+05  0.2307E+05  0.4825E+05  0.1070E+06  0.2287E+06  0.3087E+06  0.5261E+06  0.8292E+06  0.1630E+09  0.7390E+03  0.1693E+04  0.5833E+04  0.4246E+03  0.7390E+03  0.9035E+03  0.4325E+04  0.2477E+03  0.4942E+02  0.4382E+03  0.1503E+02  0.1992E+08  0.1012E+01  0.3810E+07  0.9483E-01  0.1247E+14
    18.000   10.17850  0.1425E+05  0.1988E+03  0.1060E+05  0.1303E+03  0.3745E+03  0.1214E+04  0.3815E+04  0.9825E+04  0.2035E+05  0.4256E+05  0.9434E+05  0.2017E+06  0.2723E+06  0.4640E+06  0.7314E+06  0.1438E+09  0.6518E+03  0.1493E+04  0.5144E+04  0.3745E+03  0.6518E+03  0.7969E+03  0.3815E+04  0.1978E+03  0.3924E+02  0.3859E+03  0.1259E+02  0.1757E+08  0.7944E+00  0.3361E+07  0.7993E-01  0.1100E+14
    20.000   10.02218  0.1253E+05  0.1748E+03  0.9319E+04  0.1146E+03  0.3294E+03  0.1068E+04  0.3355E+04  0.8640E+04  0.1789E+05  0.3743E+05  0.8297E+05  0.1774E+06  0.2395E+06  0.4081E+06  0.6432E+06  0.1264E+09  0.5732E+03  0.1313E+04  0.4524E+04  0.3294E+03  0.5732E+03  0.7008E+03  0.3355E+04  0.1530E+03  0.3120E+02  0.3386E+03  0.1052E+02  0.1545E+08  0.6255E+00  0.2956E+07  0.6695E-01  0.9671E+13
    22.000    9.86110  0.1094E+05  0.1526E+03  0.8132E+04  0.1000E+03  0.2875E+03  0.9318E+03  0.2928E+04  0.7541E+04  0.1562E+05  0.3267E+05  0.7241E+05  0.1548E+06  0.2090E+06  0.3562E+06  0.5614E+06  0.1103E+09  0.5003E+03  0.1146E+04  0.3949E+04  0.2875E+03  0.5003E+03  0.6116E+03  0.2928E+04  0.1254E+03  0.2477E+02  0.2950E+03  0.8727E+01  0.1349E+08  0.4926E+00  0.2580E+07  0.5543E-01  0.8441E+13
    24.000    9.69585  0.9522E+04  0.1328E+03  0.7080E+04  0.6021E+02  0.2503E+03  0.8113E+03  0.2549E+04  0.6566E+04  0.1360E+05  0.2844E+05  0.6305E+05  0.1348E+06  0.1820E+06  0.3101E+06  0.4888E+06  0.9607E+08  0.4356E+03  0.9979E+03  0.3438E+04  0.2503E+03  0.4356E+03  0.5325E+03  0.2549E+04  0.9072E+02  0.1969E+02  0.2562E+03  0.7192E+01  0.1174E+08  0.3912E+00  0.2246E+07  0.4560E-01  0.7349E+13
    26.000    9.52515  0.8281E+04  0.1155E+03  0.6157E+04  0.2788E+02  0.2177E+03  0.7056E+03  0.2217E+04  0.5711E+04  0.1183E+05  0.2474E+05  0.5483E+05  0.1173E+06  0.1583E+06  0.2697E+06  0.4251E+06  0.8356E+08  0.3788E+03  0.8679E+03  0.2990E+04  0.2177E+03  0.3788E+03  0.4632E+03  0.2217E+04  0.6143E+02  0.1566E+02  0.2224E+03  0.5863E+01  0.1021E+08  0.3144E+00  0.1953E+07  0.3731E-01  0.6392E+13
    28.000    9.34925  0.7168E+04  0.9999E+02  0.5330E+04  0.1654E+02  0.1884E+03  0.6105E+03  0.1919E+04  0.4941E+04  0.1023E+05  0.2140E+05  0.4744E+05  0.1014E+06  0.1369E+06  0.2334E+06  0.3678E+06  0.7230E+08  0.3278E+03  0.7509E+03  0.2587E+04  0.1884E+03  0.3278E+03  0.4007E+03  0.1919E+04  0.4822E+02  0.1240E+02  0.1920E+03  0.4695E+01  0.8836E+07  0.2550E+00  0.1690E+07  0.3029E-01  0.5531E+13
    30.000    9.16755  0.6175E+04  0.5950E+02  0.4591E+04  0.1070E+02  0.1623E+03  0.5260E+03  0.1653E+04  0.4257E+04  0.8816E+04  0.1844E+05  0.4088E+05  0.8740E+05  0.1180E+06  0.2010E+06  0.3169E+06  0.6229E+08  0.2824E+03  0.6470E+03  0.2229E+04  0.1623E+03  0.2824E+03  0.3453E+03  0.1653E+04  0.4058E+02  0.9756E+01  0.1651E+03  0.3686E+01  0.7612E+07  0.2089E+00  0.1456E+07  0.2441E-01  0.4765E+13
    32.000    8.97969  0.5288E+04  0.2768E+02  0.3932E+04  0.7241E+01  0.1390E+03  0.4505E+03  0.1416E+04  0.3646E+04  0.7550E+04  0.1579E+05  0.3501E+05  0.7485E+05  0.1010E+06  0.1722E+06  0.2714E+06  0.5334E+08  0.2418E+03  0.5541E+03  0.1909E+04  0.1390E+03  0.2418E+03  0.2957E+03  0.1416E+04  0.3541E+02  0.7600E+01  0.1410E+03  0.2832E+01  0.6519E+07  0.1724E+00  0.1247E+07  0.1953E-01  0.4081E+13
    34.000    8.78525  0.4508E+04  0.1740E+02  0.3352E+04  0.4926E+01  0.1185E+03  0.3841E+03  0.1207E+04  0.3108E+04  0.6437E+04  0.1347E+05  0.2985E+05  0.6382E+05  0.8615E+05  0.1468E+06  0.2314E+06  0.4548E+08  0.2062E+03  0.4724E+03  0.1628E+04  0.1185E+03  0.2062E+03  0.2521E+03  0.1207E+04  0.3119E+02  0.5860E+01  0.1200E+03  0.2135E+01  0.5559E+07  0.1435E+00  0.1063E+07  0.1554E-01  0.3479E+13
    36.000    8.58413  0.3803E+04  0.1194E+02  0.2828E+04  0.3236E+01  0.9996E+02  0.3240E+03  0.1018E+04  0.2622E+04  0.5430E+04  0.1136E+05  0.2518E+05  0.5384E+05  0.7268E+05  0.1238E+06  0.1952E+06  0.3837E+08  0.1740E+03  0.3985E+03  0.1373E+04  0.9996E+02  0.1740E+03  0.2127E+03  0.1018E+04  0.2713E+02  0.4437E+01  0.1011E+03  0.1575E+01  0.4689E+07  0.1196E+00  0.8970E+06  0.1226E-01  0.2935E+13
    38.000    8.37611  0.3194E+04  0.8583E+01  0.2375E+04  0.2043E+01  0.6801E+02  0.2722E+03  0.8553E+03  0.2203E+04  0.4562E+04  0.9542E+04  0.2115E+05  0.4523E+05  0.6105E+05  0.1040E+06  0.1640E+06  0.3223E+08  0.1461E+03  0.3348E+03  0.1153E+04  0.7723E+02  0.1461E+03  0.1787E+03  0.8553E+03  0.2342E+02  0.3312E+01  0.7245E+02  0.1151E+01  0.3939E+07  0.1005E+00  0.7535E+06  0.9646E-02  0.2466E+13
    40.000    8.16083  0.2654E+04  0.6198E+01  0.1974E+04  0.1249E+01  0.3660E+02  0.2261E+03  0.7105E+03  0.1830E+04  0.3789E+04  0.7926E+04  0.1757E+05  0.3757E+05  0.5071E+05  0.8642E+05  0.1362E+06  0.2677E+08  0.1214E+03  0.2781E+03  0.9581E+03  0.4857E+02  0.1214E+03  0.1484E+03  0.7105E+03  0.1991E+02  0.2425E+01  0.4549E+02  0.8339E+00  0.3272E+07  0.8445E-01  0.6259E+06  0.7538E-02  0.2048E+13
    41.000    8.05039  0.2420E+04  0.5263E+01  0.1799E+04  0.9751E+00  0.2805E+02  0.2062E+03  0.6480E+03  0.1669E+04  0.3456E+04  0.7229E+04  0.1602E+05  0.3427E+05  0.4625E+05  0.7882E+05  0.1242E+06  0.2442E+08  0.1107E+03  0.2536E+03  0.8738E+03  0.3638E+02  0.1107E+03  0.1354E+03  0.6480E+03  0.1833E+02  0.2073E+01  0.3845E+02  0.7117E+00  0.2984E+07  0.7772E-01  0.5709E+06  0.6674E-02  0.1868E+13
    42.000    7.93812  0.2186E+04  0.4407E+01  0.1626E+04  0.7677E+00  0.2216E+02  0.1863E+03  0.5855E+03  0.1508E+04  0.3123E+04  0.6532E+04  0.1448E+05  0.3096E+05  0.4179E+05  0.7122E+05  0.1123E+06  0.2206E+08  0.1000E+03  0.2292E+03  0.7896E+03  0.2739E+02  0.1000E+03  0.1223E+03  0.5855E+03  0.1668E+02  0.1758E+01  0.3400E+02  0.6075E+00  0.2697E+07  0.7115E-01  0.5158E+06  0.5868E-02  0.1688E+13
    43.000    7.82367  0.1987E+04  0.3704E+01  0.1478E+04  0.6089E+00  0.1772E+02  0.1693E+03  0.5320E+03  0.1370E+04  0.2838E+04  0.5935E+04  0.1316E+05  0.2813E+05  0.3798E+05  0.6471E+05  0.1020E+06  0.2005E+08  0.9089E+02  0.2082E+03  0.7174E+03  0.2074E+02  0.9089E+02  0.1111E+03  0.5320E+03  0.1527E+02  0.1498E+01  0.3057E+02  0.5223E+00  0.2450E+07  0.6556E-01  0.4687E+06  0.5191E-02  0.1534E+13
    44.000    7.70797  0.1788E+04  0.3070E+01  0.1330E+04  0.4928E+00  0.1428E+02  0.1523E+03  0.4786E+03  0.1233E+04  0.2553E+04  0.5340E+04  0.1184E+05  0.2531E+05  0.3417E+05  0.5822E+05  0.9176E+05  0.1804E+08  0.7451E+02  0.1873E+03  0.6455E+03  0.1551E+02  0.7074E+02  0.9998E+02  0.4786E+03  0.1382E+02  0.1273E+01  0.2596E+02  0.4508E+00  0.2204E+07  0.5991E-01  0.4217E+06  0.4554E-02  0.1163E+13
    44.500    7.65089  0.1705E+04  0.2811E+01  0.1268E+04  0.4473E+00  0.1292E+02  0.1452E+03  0.4564E+03  0.1175E+04  0.2434E+04  0.5092E+04  0.1129E+05  0.2413E+05  0.3258E+05  0.5551E+05  0.8750E+05  0.1720E+08  0.6722E+02  0.1786E+03  0.6154E+03  0.1350E+02  0.6189E+02  0.9533E+02  0.4564E+03  0.1321E+02  0.1181E+01  0.2395E+02  0.4217E+00  0.2102E+07  0.5758E-01  0.4021E+06  0.4289E-02  0.1001E+13
    45.000    7.59035  0.1622E+04  0.2560E+01  0.1206E+04  0.4039E+00  0.1163E+02  0.1382E+03  0.4343E+03  0.1118E+04  0.2316E+04  0.4845E+04  0.1074E+05  0.2296E+05  0.3100E+05  0.5282E+05  0.8325E+05  0.1636E+08  0.6032E+02  0.1700E+03  0.5856E+03  0.1166E+02  0.5375E+02  0.9071E+02  0.4343E+03  0.1261E+02  0.1091E+01  0.2200E+02  0.3931E+00  0.2000E+07  0.5524E-01  0.3826E+06  0.4027E-02  0.8553E+12
    45.500    7.53239  0.1540E+04  0.2332E+01  0.1145E+04  0.3700E+00  0.1048E+02  0.1311E+03  0.4120E+03  0.1061E+04  0.2197E+04  0.4596E+04  0.1019E+05  0.2179E+05  0.2941E+05  0.5011E+05  0.7898E+05  0.1553E+08  0.5426E+02  0.1613E+03  0.5556E+03  0.1003E+02  0.4697E+02  0.8129E+02  0.4120E+03  0.1199E+02  0.1012E+01  0.2013E+02  0.3683E+00  0.1897E+07  0.5280E-01  0.3629E+06  0.3777E-02  0.6557E+12
    46.000    7.47080  0.1457E+04  0.2111E+01  0.1083E+04  0.3395E+00  0.9387E+01  0.1241E+03  0.3899E+03  0.1004E+04  0.2079E+04  0.4349E+04  0.9641E+04  0.2062E+05  0.2783E+05  0.4742E+05  0.7474E+05  0.1469E+08  0.4860E+02  0.1526E+03  0.5257E+03  0.8528E+01  0.4085E+02  0.7019E+02  0.3899E+03  0.1137E+02  0.9370E+00  0.1829E+02  0.3448E+00  0.1795E+07  0.5035E-01  0.3434E+06  0.3527E-02  0.4660E+12
    46.500    7.41217  0.1386E+04  0.1926E+01  0.1030E+04  0.3138E+00  0.8480E+01  0.1180E+03  0.3709E+03  0.9552E+03  0.1978E+04  0.4138E+04  0.9173E+04  0.1961E+05  0.2648E+05  0.4512E+05  0.7111E+05  0.1398E+08  0.4388E+02  0.1452E+03  0.5002E+03  0.7328E+01  0.3586E+02  0.6120E+02  0.3709E+03  0.1084E+02  0.8734E+00  0.1675E+02  0.3247E+00  0.1708E+07  0.4825E-01  0.3268E+06  0.3314E-02  0.3375E+12
    47.000    7.34988  0.1315E+04  0.1748E+01  0.9776E+03  0.2887E+00  0.7615E+01  0.1120E+03  0.3520E+03  0.9065E+03  0.1877E+04  0.3927E+04  0.8704E+04  0.1861E+05  0.2512E+05  0.4281E+05  0.6748E+05  0.1326E+08  0.3938E+02  0.1378E+03  0.4746E+03  0.6241E+01  0.3124E+02  0.5294E+02  0.3520E+03  0.1031E+02  0.8109E+00  0.1526E+02  0.3048E+00  0.1621E+07  0.4615E-01  0.3101E+06  0.3104E-02  0.2398E+12
    47.200    7.32636  0.1286E+04  0.1682E+01  0.9566E+03  0.2795E+00  0.7296E+01  0.1096E+03  0.3444E+03  0.8868E+03  0.1837E+04  0.3842E+04  0.8516E+04  0.1821E+05  0.2458E+05  0.4188E+05  0.6602E+05  0.1298E+08  0.3775E+02  0.1348E+03  0.4644E+03  0.5858E+01  0.2960E+02  0.5000E+02  0.3444E+03  0.1009E+02  0.7873E+00  0.1469E+02  0.2972E+00  0.1586E+07  0.4527E-01  0.3034E+06  0.3022E-02  0.2104E+12
    47.400    7.30228  0.1258E+04  0.1619E+01  0.9356E+03  0.2723E+00  0.6979E+01  0.1072E+03  0.3368E+03  0.8675E+03  0.1797E+04  0.3758E+04  0.8330E+04  0.1781E+05  0.2404E+05  0.4097E+05  0.6458E+05  0.1269E+08  0.3630E+02  0.1318E+03  0.4542E+03  0.5474E+01  0.2800E+02  0.4712E+02  0.3368E+03  0.9873E+01  0.7662E+00  0.1408E+02  0.2906E+00  0.1551E+07  0.4436E-01  0.2967E+06  0.2940E-02  0.1849E+12
    47.600    7.27752  0.1230E+04  0.1557E+01  0.9145E+03  0.2650E+00  0.6666E+01  0.1048E+03  0.3292E+03  0.8479E+03  0.1756E+04  0.3673E+04  0.8142E+04  0.1741E+05  0.2350E+05  0.4004E+05  0.6312E+05  0.1241E+08  0.3485E+02  0.1289E+03  0.4440E+03  0.5105E+01  0.2645E+02  0.4433E+02  0.3292E+03  0.9654E+01  0.7450E+00  0.1347E+02  0.2839E+00  0.1516E+07  0.4343E-01  0.2900E+06  0.2858E-02  0.1618E+12
    47.800    7.25222  0.1202E+04  0.1496E+01  0.8935E+03  0.2579E+00  0.6363E+01  0.1024E+03  0.3217E+03  0.8286E+03  0.1716E+04  0.3589E+04  0.7956E+04  0.1701E+05  0.2296E+05  0.3913E+05  0.6168E+05  0.1212E+08  0.3344E+02  0.1259E+03  0.4338E+03  0.4755E+01  0.2495E+02  0.4166E+02  0.3217E+03  0.9437E+01  0.7241E+00  0.1289E+02  0.2772E+00  0.1482E+07  0.4252E-01  0.2834E+06  0.2777E-02  0.1413E+12
    48.000    7.22625  0.1173E+04  0.1436E+01  0.8725E+03  0.2507E+00  0.6065E+01  0.9995E+02  0.3141E+03  0.8089E+03  0.1675E+04  0.3504E+04  0.7768E+04  0.1661E+05  0.2242E+05  0.3820E+05  0.6022E+05  0.1184E+08  0.3205E+02  0.1229E+03  0.4236E+03  0.4420E+01  0.2350E+02  0.3907E+02  0.3141E+03  0.9217E+01  0.7031E+00  0.1231E+02  0.2705E+00  0.1447E+07  0.4159E-01  0.2767E+06  0.2696E-02  0.1228E+12
    48.200    7.20239  0.1151E+04  0.1387E+01  0.8562E+03  0.2450E+00  0.5820E+01  0.9807E+02  0.3082E+03  0.7937E+03  0.1644E+04  0.3438E+04  0.7622E+04  0.1630E+05  0.2200E+05  0.3749E+05  0.5908E+05  0.1161E+08  0.3091E+02  0.1206E+03  0.4156E+03  0.4145E+01  0.2231E+02  0.3695E+02  0.3082E+03  0.9048E+01  0.6865E+00  0.1184E+02  0.2653E+00  0.1419E+07  0.4088E-01  0.2715E+06  0.2631E-02  0.1084E+12
    48.400    7.17795  0.1130E+04  0.1339E+01  0.8399E+03  0.2394E+00  0.5583E+01  0.9624E+02  0.3024E+03  0.7788E+03  0.1613E+04  0.3374E+04  0.7479E+04  0.1599E+05  0.2159E+05  0.3678E+05  0.5798E+05  0.1140E+08  0.2981E+02  0.1184E+03  0.4078E+03  0.3883E+01  0.2117E+02  0.3491E+02  0.3024E+03  0.8877E+01  0.6701E+00  0.1137E+02  0.2602E+00  0.1393E+07  0.4018E-01  0.2664E+06  0.2567E-02  0.9534E+11
    48.500    7.16550  0.1119E+04  0.1315E+01  0.8318E+03  0.2366E+00  0.5465E+01  0.9530E+02  0.2995E+03  0.7712E+03  0.1597E+04  0.3341E+04  0.7406E+04  0.1584E+05  0.2138E+05  0.3642E+05  0.5741E+05  0.1129E+08  0.2925E+02  0.1172E+03  0.4038E+03  0.3756E+01  0.2060E+02  0.3391E+02  0.2995E+03  0.8793E+01  0.6619E+00  0.1114E+02  0.2576E+00  0.1379E+07  0.3982E-01  0.2638E+06  0.2535E-02  0.8931E+11
    48.600    7.15289  0.1108E+04  0.1291E+01  0.8236E+03  0.2337E+00  0.5348E+01  0.9436E+02  0.2965E+03  0.7636E+03  0.1581E+04  0.3308E+04  0.7333E+04  0.1568E+05  0.2116E+05  0.3607E+05  0.5685E+05  0.1117E+08  0.2870E+02  0.1161E+03  0.3998E+03  0.3631E+01  0.2005E+02  0.3293E+02  0.2965E+03  0.8709E+01  0.6536E+00  0.1091E+02  0.2550E+00  0.1366E+07  0.3947E-01  0.2612E+06  0.2503E-02  0.8359E+11
    48.700    7.14013  0.1097E+04  0.1268E+01  0.8154E+03  0.2309E+00  0.5233E+01  0.9342E+02  0.2936E+03  0.7560E+03  0.1566E+04  0.3275E+04  0.7260E+04  0.1552E+05  0.2095E+05  0.3571E+05  0.5628E+05  0.1106E+08  0.2816E+02  0.1149E+03  0.3959E+03  0.3509E+01  0.1950E+02  0.3196E+02  0.2936E+03  0.8624E+01  0.6454E+00  0.1069E+02  0.2524E+00  0.1352E+07  0.3911E-01  0.2586E+06  0.2472E-02  0.7818E+11
    48.800    7.12719  0.1086E+04  0.1244E+01  0.8072E+03  0.2281E+00  0.5118E+01  0.9248E+02  0.2906E+03  0.7484E+03  0.1550E+04  0.3242E+04  0.7187E+04  0.1537E+05  0.2074E+05  0.3535E+05  0.5571E+05  0.1095E+08  0.2762E+02  0.1137E+03  0.3919E+03  0.3390E+01  0.1896E+02  0.3101E+02  0.2906E+03  0.8540E+01  0.6373E+00  0.1047E+02  0.2498E+00  0.1338E+07  0.3875E-01  0.2560E+06  0.2440E-02  0.7306E+11
    48.900    7.11417  0.1075E+04  0.1221E+01  0.7991E+03  0.2253E+00  0.5006E+01  0.9154E+02  0.2877E+03  0.7408E+03  0.1534E+04  0.3209E+04  0.7114E+04  0.1521E+05  0.2053E+05  0.3499E+05  0.5515E+05  0.1084E+08  0.2708E+02  0.1126E+03  0.3879E+03  0.3273E+01  0.1843E+02  0.3009E+02  0.2877E+03  0.8453E+01  0.6290E+00  0.1025E+02  0.2472E+00  0.1325E+07  0.3839E-01  0.2534E+06  0.2408E-02  0.6824E+11
    49.000    7.10090  0.1064E+04  0.1198E+01  0.7909E+03  0.2225E+00  0.4896E+01  0.9064E+02  0.2848E+03  0.7335E+03  0.1519E+04  0.3178E+04  0.7044E+04  0.1506E+05  0.2033E+05  0.3464E+05  0.5461E+05  0.1073E+08  0.2656E+02  0.1115E+03  0.3841E+03  0.3161E+01  0.1792E+02  0.2919E+02  0.2848E+03  0.8369E+01  0.6211E+00  0.1003E+02  0.2446E+00  0.1312E+07  0.3805E-01  0.2509E+06  0.2377E-02  0.6368E+11
    49.500    7.01213  0.1009E+04  0.1082E+01  0.7501E+03  0.2113E+00  0.4262E+01  0.7205E+02  0.2701E+03  0.6955E+03  0.1440E+04  0.3013E+04  0.6679E+04  0.1428E+05  0.1928E+05  0.3285E+05  0.5178E+05  0.1018E+08  0.2368E+02  0.1057E+03  0.3642E+03  0.2528E+01  0.1487E+02  0.2418E+02  0.2701E+03  0.7930E+01  0.5824E+00  0.8788E+01  0.2331E+00  0.1244E+07  0.3612E-01  0.2379E+06  0.2206E-02  0.4119E+11
    50.000    6.91475  0.9540E+03  0.9728E+00  0.7094E+03  0.2012E+00  0.3666E+01  0.5246E+02  0.2554E+03  0.6578E+03  0.1362E+04  0.2850E+04  0.6317E+04  0.1351E+05  0.1823E+05  0.3107E+05  0.4897E+05  0.9626E+07  0.2095E+02  0.9998E+02  0.3445E+03  0.1983E+01  0.1210E+02  0.1973E+02  0.2554E+03  0.7488E+01  0.5459E+00  0.7614E+01  0.2223E+00  0.1176E+07  0.3414E-01  0.2250E+06  0.2037E-02  0.2575E+11
    51.000    6.77630  0.7991E+03  0.7653E+00  0.5942E+03  0.1712E+00  0.2890E+01  0.3455E+02  0.2303E+03  0.5932E+03  0.1229E+04  0.2570E+04  0.5696E+04  0.1218E+05  0.1644E+05  0.2802E+05  0.4416E+05  0.8680E+07  0.1715E+02  0.8689E+02  0.3106E+03  0.1377E+01  0.8754E+01  0.1441E+02  0.2303E+03  0.6200E+01  0.4738E+00  0.5657E+01  0.1895E+00  0.1061E+07  0.3066E-01  0.2029E+06  0.1670E-02  0.1300E+11
    52.000    6.63176  0.6442E+03  0.5919E+00  0.4790E+03  0.1424E+00  0.2241E+01  0.2603E+02  0.2053E+03  0.5286E+03  0.1095E+04  0.2290E+04  0.5076E+04  0.1085E+05  0.1465E+05  0.2497E+05  0.3935E+05  0.7735E+07  0.1377E+02  0.6725E+02  0.2768E+03  0.9481E+00  0.6088E+01  0.1027E+02  0.2053E+03  0.4891E+01  0.4036E+00  0.4121E+01  0.1570E+00  0.9453E+06  0.2698E-01  0.1808E+06  0.1316E-02  0.6475E+10
    53.000    6.48083  0.5309E+03  0.4740E+00  0.3947E+03  0.1216E+00  0.1754E+01  0.1989E+02  0.1848E+03  0.4760E+03  0.9859E+03  0.2062E+04  0.4571E+04  0.9774E+04  0.1319E+05  0.2248E+05  0.3544E+05  0.6966E+07  0.1109E+02  0.5158E+02  0.2493E+03  0.6607E+00  0.4213E+01  0.7306E+01  0.1848E+03  0.3916E+01  0.3471E+00  0.3128E+01  0.1336E+00  0.8513E+06  0.2387E-01  0.1628E+06  0.1066E-02  0.3227E+10
    54.000    6.32259  0.4175E+03  0.3700E+00  0.3105E+03  0.9966E-01  0.1357E+01  0.1515E+02  0.1644E+03  0.4235E+03  0.8770E+03  0.1834E+04  0.4066E+04  0.8695E+04  0.1174E+05  0.2000E+05  0.3152E+05  0.6196E+07  0.8738E+01  0.3795E+02  0.2217E+03  0.4583E+00  0.2823E+01  0.5057E+01  0.1644E+03  0.2940E+01  0.2890E+00  0.2328E+01  0.1094E+00  0.7573E+06  0.2070E-01  0.1449E+06  0.8404E-03  0.1582E+10
    55.000    6.15593  0.3354E+03  0.2998E+00  0.2494E+03  0.8342E-01  0.1062E+01  0.1154E+02  0.1473E+03  0.3794E+03  0.7858E+03  0.1644E+04  0.3643E+04  0.7791E+04  0.1052E+05  0.1792E+05  0.2825E+05  0.5552E+07  0.6869E+01  0.2797E+02  0.1987E+03  0.3210E+00  0.1889E+01  0.3491E+01  0.1473E+03  0.2203E+01  0.2396E+00  0.1827E+01  0.9206E-01  0.6785E+06  0.1797E-01  0.1298E+06  0.6742E-03  0.7763E+09
    56.000    5.97940  0.2532E+03  0.2316E+00  0.1882E+03  0.6564E-01  0.8233E+00  0.8608E+01  0.1304E+03  0.3357E+03  0.6953E+03  0.1454E+04  0.3224E+04  0.6893E+04  0.9305E+04  0.1586E+05  0.2499E+05  0.4913E+07  0.5278E+01  0.2019E+02  0.1758E+03  0.2217E+00  0.1234E+01  0.2351E+01  0.1304E+03  0.1498E+01  0.1909E+00  0.1373E+01  0.7331E-01  0.6004E+06  0.1532E-01  0.1148E+06  0.5127E-03  0.3709E+09
    56.500    5.88958  0.2236E+03  0.2077E+00  0.1662E+03  0.5903E-01  0.7300E+00  0.7402E+01  0.1228E+03  0.3162E+03  0.6547E+03  0.1370E+04  0.3036E+04  0.6491E+04  0.8763E+04  0.1493E+05  0.2353E+05  0.4626E+07  0.4624E+01  0.1723E+02  0.1655E+03  0.1846E+00  0.1004E+01  0.1942E+01  0.1228E+03  0.1232E+01  0.1704E+00  0.1246E+01  0.6630E-01  0.5654E+06  0.1414E-01  0.1081E+06  0.4533E-03  0.2586E+09
    57.000    5.79088  0.1938E+03  0.1838E+00  0.1441E+03  0.5205E-01  0.6454E+00  0.6261E+01  0.1152E+03  0.2966E+03  0.6142E+03  0.1285E+04  0.2848E+04  0.6090E+04  0.8220E+04  0.1401E+05  0.2208E+05  0.4340E+07  0.4005E+01  0.1457E+02  0.1553E+03  0.1516E+00  0.8087E+00  0.1589E+01  0.1152E+03  0.9658E+00  0.1500E+00  0.1145E+01  0.5890E-01  0.5304E+06  0.1298E-01  0.1015E+06  0.3946E-03  0.1764E+09
    57.100    5.77292  0.1878E+03  0.1788E+00  0.1397E+03  0.5059E-01  0.6301E+00  0.6063E+01  0.1136E+03  0.2927E+03  0.6061E+03  0.1268E+04  0.2810E+04  0.6010E+04  0.8112E+04  0.1382E+05  0.2179E+05  0.4283E+07  0.3895E+01  0.1411E+02  0.1533E+03  0.1461E+00  0.7763E+00  0.1529E+01  0.1136E+03  0.9181E+00  0.1463E+00  0.1120E+01  0.5734E-01  0.5234E+06  0.1275E-01  0.1001E+06  0.3830E-03  0.1643E+09
    57.500    5.69761  0.1641E+03  0.1587E+00  0.1220E+03  0.4478E-01  0.5701E+00  0.5304E+01  0.1076E+03  0.2771E+03  0.5738E+03  0.1200E+04  0.2661E+04  0.5689E+04  0.7679E+04  0.1309E+05  0.2063E+05  0.4054E+07  0.3469E+01  0.1234E+02  0.1451E+03  0.1249E+00  0.6542E+00  0.1304E+01  0.1076E+03  0.7373E+00  0.1318E+00  0.1017E+01  0.5110E-01  0.4955E+06  0.1187E-01  0.9478E+05  0.3370E-03  0.1219E+09
    58.000    5.59473  0.1345E+03  0.1328E+00  0.9927E+02  0.3731E-01  0.4989E+00  0.4420E+01  0.9838E+02  0.2576E+03  0.5334E+03  0.1116E+04  0.2473E+04  0.5288E+04  0.7139E+04  0.1216E+05  0.1917E+05  0.3769E+07  0.2968E+01  0.1031E+02  0.1349E+03  0.1009E+00  0.5200E+00  0.1055E+01  0.9628E+02  0.5293E+00  0.1147E+00  0.8775E+00  0.4303E-01  0.4606E+06  0.1078E-01  0.8810E+05  0.2802E-03  0.8156E+08
    58.500    5.50085  0.1147E+03  0.1152E+00  0.8034E+02  0.3208E-01  0.4454E+00  0.3709E+01  0.8184E+02  0.2409E+03  0.4990E+03  0.1044E+04  0.2314E+04  0.4947E+04  0.6678E+04  0.1138E+05  0.1794E+05  0.3525E+07  0.2575E+01  0.8826E+01  0.1262E+03  0.8201E-01  0.4273E+00  0.8866E+00  0.6868E+02  0.3841E+00  0.1014E+00  0.8156E+00  0.3727E-01  0.4309E+06  0.9882E-02  0.8242E+05  0.2415E-03  0.5760E+08
    59.000    5.39729  0.9495E+02  0.9715E-01  0.6276E+02  0.2679E-01  0.3938E+00  0.3063E+01  0.6695E+02  0.2243E+03  0.4645E+03  0.9717E+03  0.2154E+04  0.4606E+04  0.6217E+04  0.1059E+05  0.1670E+05  0.3282E+07  0.2207E+01  0.7453E+01  0.1174E+03  0.6537E-01  0.3449E+00  0.7335E+00  0.4742E+02  0.2625E+00  0.8909E-01  0.7341E+00  0.3142E-01  0.4011E+06  0.8992E-02  0.7673E+05  0.2030E-03  0.3932E+08
    59.500    5.30235  0.7518E+02  0.7825E-01  0.4712E+02  0.2138E-01  0.3477E+00  0.2541E+01  0.5505E+02  0.2077E+03  0.4301E+03  0.8996E+03  0.1994E+04  0.4264E+04  0.5756E+04  0.9808E+04  0.1546E+05  0.3039E+07  0.1894E+01  0.6310E+01  0.1087E+03  0.5250E-01  0.2801E+00  0.6095E+00  0.3337E+02  0.1683E+00  0.7827E-01  0.6104E+00  0.2541E-01  0.3714E+06  0.8153E-02  0.7104E+05  0.1653E-03  0.2740E+08
    60.000    5.19744  0.4781E+02  0.5852E-01  0.2931E+02  0.1584E-01  0.3031E+00  0.2066E+01  0.4406E+02  0.1910E+03  0.3957E+03  0.8276E+03  0.1835E+04  0.3923E+04  0.5295E+04  0.9023E+04  0.1422E+05  0.2796E+07  0.1604E+01  0.5290E+01  0.7840E+02  0.4022E-01  0.2233E+00  0.5051E+00  0.2261E+02  0.9030E-01  0.6820E-01  0.4263E+00  0.1916E-01  0.3416E+06  0.7333E-02  0.6535E+05  0.1280E-03  0.1863E+08
    60.500    5.10172  0.3520E+02  0.5402E-01  0.2158E+02  0.1450E-01  0.2690E+00  0.1721E+01  0.3605E+02  0.1783E+03  0.3692E+03  0.7722E+03  0.1712E+04  0.3660E+04  0.4940E+04  0.8419E+04  0.1327E+05  0.2608E+07  0.1389E+01  0.4550E+01  0.5122E+02  0.3131E-01  0.1830E+00  0.4320E+00  0.1593E+02  0.6946E-01  0.6153E-01  0.3952E+00  0.1752E-01  0.3188E+06  0.6703E-02  0.6097E+05  0.1164E-03  0.1328E+08
    61.000    4.99586  0.2509E+02  0.4946E-01  0.1538E+02  0.1316E-01  0.2362E+00  0.1408E+01  0.2892E+02  0.1654E+03  0.3426E+03  0.7166E+03  0.1588E+04  0.3397E+04  0.4585E+04  0.7813E+04  0.1231E+05  0.2421E+07  0.1187E+01  0.3859E+01  0.3206E+02  0.2379E-01  0.1471E+00  0.3642E+00  0.1084E+02  0.5193E-01  0.5507E-01  0.3631E+00  0.1587E-01  0.2958E+06  0.6082E-02  0.5659E+05  0.1048E-03  0.9149E+07
    61.500    4.89973  0.1809E+02  0.4475E-01  0.1108E+02  0.1181E-01  0.2071E+00  0.1159E+01  0.2339E+02  0.1526E+03  0.3160E+03  0.6610E+03  0.1465E+04  0.3133E+04  0.4229E+04  0.7207E+04  0.1136E+05  0.2233E+07  0.1016E+01  0.3281E+01  0.2072E+02  0.1828E-01  0.1191E+00  0.3080E+00  0.7546E+01  0.3885E-01  0.4918E-01  0.3265E+00  0.1424E-01  0.2729E+06  0.5497E-02  0.5220E+05  0.9359E-04  0.6441E+07
    62.000    4.79329  0.1253E+02  0.3979E-01  0.7675E+01  0.1046E-01  0.1772E+00  0.9489E+00  0.1880E+02  0.1398E+03  0.2895E+03  0.6056E+03  0.1342E+04  0.2870E+04  0.3875E+04  0.6603E+04  0.1041E+05  0.2046E+07  0.8614E+00  0.2761E+01  0.1422E+02  0.1309E-01  0.9344E-01  0.2609E+00  0.5124E+01  0.2933E-01  0.4371E-01  0.2533E+00  0.1258E-01  0.2500E+06  0.4935E-02  0.4782E+05  0.8275E-04  0.4435E+07
    62.500    4.69724  0.9132E+01  0.3635E-01  0.5594E+01  0.9515E-02  0.1547E+00  0.7963E+00  0.1552E+02  0.1299E+03  0.2689E+03  0.5625E+03  0.1247E+04  0.2666E+04  0.3599E+04  0.6133E+04  0.9667E+04  0.1900E+07  0.7458E+00  0.2375E+01  0.1018E+02  0.9740E-02  0.7549E-01  0.2259E+00  0.3633E+01  0.2331E-01  0.3952E-01  0.2063E+00  0.1142E-01  0.2322E+06  0.4501E-02  0.4442E+05  0.7497E-04  0.3184E+07
    63.000    4.59099  0.6437E+01  0.3288E-01  0.3942E+01  0.8572E-02  0.1334E+00  0.6570E+00  0.1258E+02  0.1199E+03  0.2483E+03  0.5193E+03  0.1151E+04  0.2461E+04  0.3323E+04  0.5662E+04  0.8924E+04  0.1754E+07  0.6370E+00  0.2014E+01  0.7044E+01  0.7033E-02  0.5972E-01  0.1929E+00  0.2487E+01  0.1804E-01  0.3541E-01  0.1643E+00  0.1026E-01  0.2144E+06  0.4073E-02  0.4101E+05  0.6725E-04  0.2210E+07
    63.500    4.49532  0.4644E+01  0.2931E-01  0.2844E+01  0.7633E-02  0.1145E+00  0.5497E+00  0.1025E+02  0.1068E+03  0.2277E+03  0.4762E+03  0.1056E+04  0.2257E+04  0.3047E+04  0.5192E+04  0.8184E+04  0.1609E+07  0.5455E+00  0.1712E+01  0.5010E+01  0.5127E-02  0.4733E-01  0.1657E+00  0.1763E+01  0.1452E-01  0.3171E-01  0.1300E+00  0.9119E-02  0.1966E+06  0.3682E-02  0.3761E+05  0.5975E-04  0.1574E+07
    64.000    4.38952  0.3298E+01  0.2571E-01  0.2019E+01  0.6716E-02  0.9594E-01  0.4592E+00  0.8185E+01  0.8954E+02  0.2071E+03  0.4332E+03  0.9601E+03  0.2053E+04  0.2771E+04  0.4722E+04  0.7443E+04  0.1463E+07  0.4611E+00  0.1433E+01  0.3473E+01  0.3565E-02  0.3618E-01  0.1416E+00  0.1230E+01  0.1224E-01  0.2825E-01  0.9970E-01  0.8017E-02  0.1788E+06  0.3318E-02  0.3420E+05  0.5244E-04  0.1089E+07
    64.500    4.29471  0.2480E+01  0.2337E-01  0.1518E+01  0.6120E-02  0.8273E-01  0.3949E+00  0.6758E+01  0.7725E+02  0.1922E+03  0.4020E+03  0.8911E+03  0.1905E+04  0.2572E+04  0.4383E+04  0.6908E+04  0.1358E+07  0.4007E+00  0.1235E+01  0.2526E+01  0.2602E-02  0.2874E-01  0.1243E+00  0.8997E+00  0.1086E-01  0.2574E-01  0.8134E-01  0.7291E-02  0.1660E+06  0.3053E-02  0.3174E+05  0.4751E-04  0.7909E+06
    65.000    4.18998  0.1808E+01  0.2102E-01  0.1107E+01  0.5518E-02  0.7034E-01  0.3347E+00  0.5476E+01  0.6572E+02  0.1772E+03  0.3707E+03  0.8218E+03  0.1757E+04  0.2372E+04  0.4042E+04  0.6371E+04  0.1252E+07  0.3437E+00  0.1049E+01  0.1780E+01  0.1839E-02  0.2232E-01  0.1077E+00  0.6381E+00  0.9443E-02  0.2327E-01  0.6499E-01  0.6563E-02  0.1530E+06  0.2790E-02  0.2927E+05  0.4260E-04  0.5564E+06
    65.500    4.09619  0.1400E+01  0.1861E-01  0.8567E+00  0.4913E-02  0.5955E-01  0.2897E+00  0.4464E+01  0.5505E+02  0.1623E+03  0.3394E+03  0.7524E+03  0.1609E+04  0.2172E+04  0.3701E+04  0.5833E+04  0.1147E+07  0.2946E+00  0.8950E+00  0.1299E+01  0.1551E-02  0.1721E-01  0.9373E-01  0.4839E+00  0.8723E-02  0.2108E-01  0.5746E-01  0.5858E-02  0.1401E+06  0.2553E-02  0.2680E+05  0.3781E-04  0.4015E+06
    66.000    3.99270  0.1082E+01  0.1619E-01  0.6625E+00  0.4305E-02  0.4943E-01  0.2500E+00  0.3566E+01  0.4489E+02  0.1474E+03  0.3083E+03  0.6834E+03  0.1461E+04  0.1972E+04  0.3361E+04  0.5298E+04  0.1041E+07  0.2487E+00  0.7533E+00  0.9269E+00  0.1409E-02  0.1280E-01  0.8071E-01  0.3668E+00  0.8223E-02  0.1901E-01  0.5257E-01  0.5161E-02  0.1273E+06  0.2327E-02  0.2434E+05  0.3307E-04  0.2811E+06
    66.500    3.89986  0.8742E+00  0.1454E-01  0.5356E+00  0.3893E-02  0.4193E-01  0.2195E+00  0.2922E+01  0.3746E+02  0.1355E+03  0.2835E+03  0.6283E+03  0.1344E+04  0.1814E+04  0.3090E+04  0.4871E+04  0.9575E+06  0.2141E+00  0.6469E+00  0.6861E+00  0.1295E-02  0.9841E-02  0.7075E-01  0.2867E+00  0.8082E-02  0.1738E-01  0.4985E-01  0.4680E-02  0.1170E+06  0.2146E-02  0.2238E+05  0.2971E-04  0.2046E+06
    67.000    3.79754  0.6889E+00  0.1287E-01  0.4222E+00  0.3473E-02  0.3502E-01  0.1905E+00  0.2350E+01  0.3074E+02  0.1237E+03  0.2588E+03  0.5736E+03  0.1226E+04  0.1656E+04  0.2821E+04  0.4447E+04  0.8741E+06  0.1818E+00  0.5477E+00  0.4932E+00  0.1183E-02  0.7374E-02  0.6127E-01  0.2189E+00  0.7782E-02  0.1576E-01  0.4640E-01  0.4192E-02  0.1068E+06  0.1966E-02  0.2043E+05  0.2635E-04  0.1444E+06
    67.500    3.70540  0.5828E+00  0.1116E-01  0.3577E+00  0.3029E-02  0.2915E-01  0.1666E+00  0.2000E+01  0.2594E+02  0.1125E+03  0.2407E+03  0.5244E+03  0.1131E+04  0.1545E+04  0.2550E+04  0.4020E+04  0.7902E+06  0.1531E+00  0.4653E+00  0.3682E+00  0.1069E-02  0.5468E-02  0.5259E-01  0.1800E+00  0.6197E-02  0.1422E-01  0.3810E-01  0.3683E-02  0.9657E+05  0.1788E-02  0.1847E+05  0.2302E-04  0.1039E+06
    68.000    3.60387  0.4950E+00  0.9424E-02  0.3044E+00  0.2575E-02  0.2377E-01  0.1445E+00  0.1709E+01  0.2173E+02  0.1015E+03  0.2247E+03  0.4771E+03  0.1042E+04  0.1448E+04  0.2281E+04  0.3596E+04  0.7068E+06  0.1263E+00  0.3896E+00  0.2693E+00  0.9562E-03  0.3899E-02  0.4434E-01  0.1490E+00  0.4283E-02  0.1270E-01  0.2859E-01  0.3167E-02  0.8637E+05  0.1613E-02  0.1652E+05  0.1970E-04  0.7241E+05
    68.500    3.51215  0.4444E+00  0.8417E-02  0.2738E+00  0.2314E-02  0.2018E-01  0.1296E+00  0.1514E+01  0.1891E+02  0.9444E+02  0.2155E+03  0.4470E+03  0.9880E+03  0.1395E+04  0.2105E+04  0.3317E+04  0.6521E+06  0.1083E+00  0.3386E+00  0.2072E+00  0.8822E-03  0.2931E-02  0.3878E-01  0.1281E+00  0.3292E-02  0.1171E-01  0.2352E-01  0.2867E-02  0.7969E+05  0.1500E-02  0.1524E+05  0.1769E-04  0.5331E+05
    69.000    3.41117  0.3932E+00  0.7407E-02  0.2427E+00  0.2050E-02  0.1688E-01  0.1151E+00  0.1327E+01  0.1625E+02  0.8736E+02  0.2062E+03  0.4168E+03  0.9331E+03  0.1340E+04  0.1930E+04  0.3041E+04  0.5979E+06  0.9165E-01  0.2907E+00  0.1555E+00  0.8088E-03  0.2145E-02  0.3353E-01  0.1088E+00  0.2301E-02  0.1073E-01  0.1846E-01  0.2562E-02  0.7306E+05  0.1386E-02  0.1398E+05  0.1569E-04  0.3812E+05
    69.500    3.31930  0.3569E+00  0.6376E-02  0.2211E+00  0.1771E-02  0.1410E-01  0.1022E+00  0.1167E+01  0.1374E+02  0.7777E+02  0.1931E+03  0.3834E+03  0.8661E+03  0.1259E+04  0.1755E+04  0.2766E+04  0.5436E+06  0.7688E-01  0.2500E+00  0.1191E+00  0.7355E-03  0.1838E-02  0.2859E-01  0.9602E-01  0.1310E-02  0.9755E-02  0.1338E-01  0.2242E-02  0.6644E+05  0.1263E-02  0.1271E+05  0.1370E-04  0.2774E+05
    70.000    3.21809  0.3238E+00  0.5338E-02  0.2015E+00  0.1487E-02  0.1156E-01  0.8970E-01  0.1016E+01  0.1135E+02  0.6750E+02  0.1788E+03  0.3490E+03  0.7951E+03  0.1169E+04  0.1580E+04  0.2490E+04  0.4894E+06  0.6311E-01  0.2120E+00  0.8929E-01  0.6621E-03  0.1655E-02  0.2386E-01  0.8521E-01  0.3195E-03  0.8782E-02  0.8302E-02  0.1915E-02  0.5981E+05  0.1137E-02  0.1144E+05  0.1171E-04  0.1957E+05
    71.000    3.02434  0.3196E+00  0.4519E-02  0.2005E+00  0.1266E-02  0.8171E-02  0.7227E-01  0.8062E+00  0.8140E+01  0.5320E+02  0.1595E+03  0.3013E+03  0.6978E+03  0.1049E+04  0.1335E+04  0.2104E+04  0.4136E+06  0.4471E-01  0.1599E+00  0.5312E-01  0.5596E-03  0.1399E-02  0.1745E-01  0.7007E-01  0.2677E-03  0.7448E-02  0.7067E-02  0.1649E-02  0.5055E+05  0.9613E-03  0.9669E+04  0.9786E-05  0.1037E+05
    72.000    2.82968  0.3164E+00  0.3690E-02  0.2005E+00  0.1036E-02  0.5569E-02  0.5634E-01  0.6294E+00  0.5639E+01  0.3921E+02  0.1225E+03  0.2514E+03  0.5917E+03  0.9090E+03  0.1090E+04  0.1719E+04  0.3379E+06  0.3006E-01  0.1164E+00  0.2969E-01  0.4571E-03  0.1142E-02  0.1191E-01  0.5764E-01  0.2159E-03  0.6121E-02  0.5816E-02  0.1352E-02  0.4129E+05  0.7852E-03  0.7898E+04  0.7885E-05  0.5356E+04
    73.000    2.63404  0.3259E+00  0.3106E-02  0.2086E+00  0.8721E-03  0.3909E-02  0.4529E-01  0.5086E+00  0.4024E+01  0.2955E+02  0.9444E+02  0.2163E+03  0.5174E+03  0.8126E+03  0.9183E+03  0.1447E+04  0.2845E+06  0.2074E-01  0.8735E-01  0.1697E-01  0.3849E-03  0.9620E-03  0.8305E-02  0.4927E-01  0.1802E-03  0.5189E-02  0.4940E-02  0.1138E-02  0.3477E+05  0.6612E-03  0.6651E+04  0.6547E-05  0.2850E+04
    74.000    2.43717  0.3233E+00  0.2523E-02  0.2086E+00  0.7089E-03  0.2643E-02  0.3507E-01  0.3901E+00  0.2806E+01  0.2106E+02  0.6894E+02  0.1796E+03  0.4366E+03  0.7007E+03  0.7463E+03  0.1176E+04  0.2312E+06  0.1364E-01  0.6265E-01  0.9101E-02  0.3128E-03  0.7818E-03  0.5413E-02  0.4067E-01  0.1445E-03  0.4260E-02  0.4059E-02  0.9252E-03  0.2826E+05  0.5373E-03  0.5405E+04  0.5237E-05  0.1475E+04
    75.000    2.23924  0.3316E+00  0.2120E-02  0.2155E+00  0.5960E-03  0.1846E-02  0.2807E-01  0.3074E+00  0.2032E+01  0.1540E+02  0.5165E+02  0.1542E+03  0.3809E+03  0.6250E+03  0.6272E+03  0.9886E+03  0.1943E+06  0.9228E-02  0.4629E-01  0.4989E-02  0.2629E-03  0.6571E-03  0.3602E-02  0.3474E-01  0.1203E-03  0.3621E-02  0.3457E-02  0.7778E-03  0.2375E+05  0.4516E-03  0.4543E+04  0.4332E-05  0.7901E+03
    75.500    2.14461  0.3295E+00  0.1917E-02  0.2146E+00  0.5393E-03  0.1558E-02  0.2480E-01  0.2685E+00  0.1716E+01  0.1302E+02  0.4424E+02  0.1409E+03  0.3509E+03  0.5817E+03  0.5677E+03  0.8948E+03  0.1759E+06  0.7526E-02  0.3933E-01  0.3678E-02  0.2380E-03  0.5947E-03  0.2906E-02  0.3166E-01  0.1083E-03  0.3298E-02  0.3150E-02  0.7039E-03  0.2149E+05  0.4087E-03  0.4112E+04  0.3889E-05  0.5775E+03
    76.000    2.04008  0.3243E+00  0.1715E-02  0.2108E+00  0.4827E-03  0.1394E-02  0.2157E-01  0.2265E+00  0.1434E+01  0.1075E+02  0.3723E+02  0.1275E+03  0.3200E+03  0.5363E+03  0.5081E+03  0.8009E+03  0.1574E+06  0.5988E-02  0.3261E-01  0.2617E-02  0.2130E-03  0.5323E-03  0.2257E-02  0.2845E-01  0.9619E-04  0.2981E-02  0.2848E-02  0.6299E-03  0.1924E+05  0.3659E-03  0.3680E+04  0.3447E-05  0.4108E+03
    77.000    1.83882  0.3260E+00  0.1433E-02  0.2112E+00  0.4038E-03  0.1167E-02  0.1706E-01  0.1689E+00  0.1051E+01  0.7694E+01  0.2765E+02  0.1089E+03  0.2775E+03  0.4748E+03  0.4251E+03  0.6701E+03  0.1317E+06  0.3993E-02  0.2355E-01  0.1407E-02  0.1782E-03  0.4454E-03  0.1437E-02  0.2398E-01  0.7974E-04  0.2542E-02  0.2432E-02  0.5270E-03  0.1610E+05  0.3061E-03  0.3079E+04  0.2831E-05  0.2209E+03
    78.000    1.63570  0.3111E+00  0.1152E-02  0.1994E+00  0.3250E-03  0.9388E-03  0.1288E-01  0.1185E+00  0.7398E+00  0.5314E+01  0.1962E+02  0.8016E+02  0.2316E+03  0.4048E+03  0.3421E+03  0.5392E+03  0.1060E+06  0.2562E-02  0.1628E-01  0.9093E-03  0.1434E-03  0.3584E-03  0.1010E-02  0.1940E-01  0.6328E-04  0.2086E-02  0.1998E-02  0.4241E-03  0.1295E+05  0.2463E-03  0.2478E+04  0.2233E-05  0.1150E+03
    79.000    1.43033  0.3046E+00  0.9634E-03  0.1917E+00  0.2718E-03  0.7849E-03  0.1003E-01  0.8440E-01  0.5404E+00  0.3822E+01  0.1437E+02  0.5506E+02  0.2010E+03  0.3589E+03  0.2860E+03  0.4508E+03  0.8861E+05  0.1707E-02  0.1163E-01  0.7602E-03  0.1199E-03  0.2996E-03  0.8443E-03  0.1625E-01  0.5241E-04  0.1781E-02  0.1709E-02  0.3547E-03  0.1083E+05  0.2059E-03  0.2071E+04  0.1829E-05  0.6249E+02
    80.000    1.22203  0.2842E+00  0.7748E-03  0.1744E+00  0.2186E-03  0.6314E-03  0.7451E-02  0.5631E-01  0.3697E+00  0.2558E+01  0.9881E+01  0.3730E+02  0.1618E+03  0.3031E+03  0.2301E+03  0.3626E+03  0.7128E+05  0.1184E-02  0.7985E-02  0.6115E-03  0.9643E-04  0.2410E-03  0.6792E-03  0.1311E-01  0.4156E-04  0.1452E-02  0.1394E-02  0.2852E-03  0.8711E+04  0.1656E-03  0.1666E+04  0.1441E-05  0.3277E+02
    82.000    0.79437  0.2451E+00  0.5153E-03  0.1388E+00  0.1453E-03  0.4199E-03  0.4095E-02  0.2304E-01  0.1597E+00  0.1041E+01  0.4360E+01  0.1918E+02  0.9200E+02  0.2044E+03  0.1530E+03  0.2412E+03  0.4741E+05  0.7877E-03  0.3871E-02  0.4067E-03  0.6414E-04  0.1603E-03  0.4517E-03  0.8792E-02  0.2765E-04  0.9660E-03  0.9269E-03  0.1897E-03  0.5794E+04  0.1102E-03  0.1108E+04  0.9187E-06  0.9404E+01
    84.000    0.34783  0.2003E+00  0.3369E-03  0.1009E+00  0.9502E-04  0.2745E-03  0.2135E-02  0.8056E-02  0.6273E-01  0.4091E+00  0.1719E+01  0.8976E+01  0.4112E+02  0.8335E+02  0.1000E+03  0.1577E+03  0.3099E+05  0.5149E-03  0.1877E-02  0.2659E-03  0.4193E-04  0.1048E-03  0.2953E-03  0.5849E-02  0.1807E-04  0.6314E-03  0.6059E-03  0.1240E-03  0.3787E+04  0.7202E-04  0.7245E+03  0.5782E-06  0.2700E+01
    86.000   -0.12000  0.1553E+00  0.2136E-03  0.6875E-01  0.6024E-04  0.1741E-03  0.1090E-02  0.2571E-02  0.2174E-01  0.1557E+00  0.6356E+00  0.3599E+01  0.1695E+02  0.3589E+02  0.4598E+02  0.9997E+02  0.1965E+05  0.3265E-03  0.9494E-03  0.1686E-03  0.2659E-04  0.6644E-04  0.1872E-03  0.3778E-02  0.1146E-04  0.4004E-03  0.3842E-03  0.7862E-04  0.2402E+04  0.4567E-04  0.4594E+03  0.3559E-06  0.7681E+00
    88.000   -0.60458  0.1129E+00  0.1314E-03  0.4597E-01  0.3706E-04  0.1071E-03  0.6588E-03  0.1350E-02  0.7065E-02  0.5659E-01  0.2203E+00  0.1323E+01  0.6270E+01  0.1449E+02  0.1739E+02  0.3735E+02  0.1209E+05  0.2008E-03  0.5733E-03  0.1037E-03  0.1635E-04  0.4087E-04  0.1152E-03  0.2321E-02  0.7048E-05  0.2463E-03  0.2363E-03  0.4837E-04  0.1477E+04  0.2809E-04  0.2826E+03  0.2144E-06  0.2167E+00
    90.000   -1.10261  0.7536E-01  0.7884E-04  0.3049E-01  0.2224E-04  0.6424E-04  0.3953E-03  0.7474E-03  0.2295E-02  0.2001E-01  0.6929E-01  0.4859E+00  0.2200E+01  0.5408E+01  0.6241E+01  0.1315E+02  0.7253E+04  0.1205E-03  0.3440E-03  0.6222E-04  0.9813E-05  0.2452E-04  0.6911E-04  0.1357E-02  0.4229E-05  0.1478E-03  0.1418E-03  0.2903E-04  0.8864E+03  0.1686E-04  0.1696E+03  0.1268E-06  0.6076E-01
    92.000   -1.60894  0.4686E-01  0.4649E-04  0.2022E-01  0.1311E-04  0.3788E-04  0.2331E-03  0.4093E-03  0.1133E-02  0.6967E-02  0.2371E-01  0.1810E+00  0.7609E+00  0.1876E+01  0.2140E+01  0.4374E+01  0.4277E+04  0.7106E-04  0.2028E-03  0.3669E-04  0.5786E-05  0.1446E-04  0.4075E-04  0.7943E-03  0.2494E-05  0.8714E-04  0.8361E-04  0.1711E-04  0.5227E+03  0.9939E-05  0.9998E+02  0.7405E-07  0.1693E-01
    94.000   -2.12188  0.2860E-01  0.2709E-04  0.1369E-01  0.7642E-05  0.2207E-04  0.1358E-03  0.2157E-03  0.6154E-03  0.2414E-02  0.8815E-02  0.6762E-01  0.2639E+00  0.6140E+00  0.7304E+00  0.1424E+01  0.2492E+04  0.4140E-04  0.1182E-03  0.2138E-04  0.3371E-05  0.8426E-05  0.2374E-04  0.4628E-03  0.1453E-05  0.5077E-04  0.4872E-04  0.9973E-05  0.3045E+03  0.5791E-05  0.4798E+02  0.4297E-07  0.4641E-02
    96.000   -2.64140  0.1814E-01  0.1556E-04  0.9697E-02  0.4391E-05  0.1268E-04  0.7805E-04  0.1115E-03  0.3259E-03  0.1094E-02  0.3470E-02  0.2618E-01  0.9597E-01  0.1978E+00  0.2628E+00  0.4842E+00  0.1432E+04  0.2379E-04  0.6792E-04  0.1229E-04  0.1937E-05  0.4842E-05  0.1365E-04  0.2660E-03  0.8351E-06  0.2918E-04  0.2800E-04  0.5730E-05  0.1750E+03  0.3328E-05  0.1570E+02  0.2474E-07  0.1230E-02
    98.000   -3.16365  0.1265E-01  0.8895E-05  0.7344E-02  0.2509E-05  0.7249E-05  0.4461E-04  0.5721E-04  0.1603E-03  0.5606E-03  0.1475E-02  0.1106E-01  0.3940E-01  0.7073E-01  0.1071E+00  0.1852E+00  0.8185E+03  0.1360E-04  0.3882E-04  0.7021E-05  0.1107E-05  0.2767E-05  0.7798E-05  0.1520E-03  0.4773E-06  0.1668E-04  0.1600E-04  0.3275E-05  0.1000E+03  0.1902E-05  0.4262E+01  0.1424E-07  0.3303E-03
   100.000   -3.68727  0.9487E-02  0.4987E-05  0.5631E-02  0.1407E-05  0.4064E-05  0.2501E-04  0.3110E-04  0.7961E-04  0.2892E-03  0.7316E-03  0.5249E-02  0.1919E-01  0.3111E-01  0.5036E-01  0.8191E-01  0.4589E+03  0.7624E-05  0.2176E-04  0.3936E-05  0.6208E-06  0.1552E-05  0.4372E-05  0.8522E-04  0.2676E-06  0.9349E-05  0.8971E-05  0.1836E-05  0.3376E+02  0.1066E-05  0.1106E+01  0.8028E-08  0.1038E-03
   102.000   -4.20976  0.0000E+00  0.0000E+00  0.0000E+00  0.0000E+00  0.0000E+00  0.0000E+00  0.0000E+00  0.0000E+00  0.0000E+00  0.0000E+00  0.0000E+00  0.0000E+00  0.0000E+00  0.0000E+00  0.0000E+00  0.0000E+00  0.0000E+00  0.0000E+00  0.0000E+00  0.0000E+00  0.0000E+00  0.0000E+00  0.0000E+00  0.0000E+00  0.0000E+00  0.0000E+00  0.0000E+00  0.0000E+00  0.0000E+00  0.0000E+00  0.0000E+00  0.0000E+00
   104.000   -4.73185  0.0000E+00  0.0000E+00  0.0000E+00  0.0000E+00  0.0000E+00  0.0000E+00  0.0000E+00  0.0000E+00  0.0000E+00  0.0000E+00  0.0000E+00  0.0000E+00  0.0000E+00  0.0000E+00  0.0000E+00  0.0000E+00  0.0000E+00  0.0000E+00  0.0000E+00  0.0000E+00  0.0000E+00  0.0000E+00  0.0000E+00  0.0000E+00  0.0000E+00  0.0000E+00  0.0000E+00  0.0000E+00  0.0000E+00  0.0000E+00  0.0000E+00  0.0000E+00
   106.000   -5.24456  0.0000E+00  0.0000E+00  0.0000E+00  0.0000E+00  0.0000E+00  0.0000E+00  0.0000E+00  0.0000E+00  0.0000E+00  0.0000E+00  0.0000E+00  0.0000E+00  0.0000E+00  0.0000E+00  0.0000E+00  0.0000E+00  0.0000E+00  0.0000E+00  0.0000E+00  0.0000E+00  0.0000E+00  0.0000E+00  0.0000E+00  0.0000E+00  0.0000E+00  0.0000E+00  0.0000E+00  0.0000E+00  0.0000E+00  0.0000E+00  0.0000E+00  0.0000E+00
   108.000   -5.75717  0.0000E+00  0.0000E+00  0.0000E+00  0.0000E+00  0.0000E+00  0.0000E+00  0.0000E+00  0.0000E+00  0.0000E+00  0.0000E+00  0.0000E+00  0.0000E+00  0.0000E+00  0.0000E+00  0.0000E+00  0.0000E+00  0.0000E+00  0.0000E+00  0.0000E+00  0.0000E+00  0.0000E+00  0.0000E+00  0.0000E+00  0.0000E+00  0.0000E+00  0.0000E+00  0.0000E+00  0.0000E+00  0.0000E+00  0.0000E+00  0.0000E+00  0.0000E+00
   110.000   -6.25800  0.0000E+00  0.0000E+00  0.0000E+00  0.0000E+00  0.0000E+00  0.0000E+00  0.0000E+00  0.0000E+00  0.0000E+00  0.0000E+00  0.0000E+00  0.0000E+00  0.0000E+00  0.0000E+00  0.0000E+00  0.0000E+00  0.0000E+00  0.0000E+00  0.0000E+00  0.0000E+00  0.0000E+00  0.0000E+00  0.0000E+00  0.0000E+00  0.0000E+00  0.0000E+00  0.0000E+00  0.0000E+00  0.0000E+00  0.0000E+00  0.0000E+00  0.0000E+00
   112.000   -6.75928  0.0000E+00  0.0000E+00  0.0000E+00  0.0000E+00  0.0000E+00  0.0000E+00  0.0000E+00  0.0000E+00  0.0000E+00  0.0000E+00  0.0000E+00  0.0000E+00  0.0000E+00  0.0000E+00  0.0000E+00  0.0000E+00  0.0000E+00  0.0000E+00  0.0000E+00  0.0000E+00  0.0000E+00  0.0000E+00  0.0000E+00  0.0000E+00  0.0000E+00  0.0000E+00  0.0000E+00  0.0000E+00  0.0000E+00  0.0000E+00  0.0000E+00  0.0000E+00
   116.000   -7.72645  0.0000E+00  0.0000E+00  0.0000E+00  0.0000E+00  0.0000E+00  0.0000E+00  0.0000E+00  0.0000E+00  0.0000E+00  0.0000E+00  0.0000E+00  0.0000E+00  0.0000E+00  0.0000E+00  0.0000E+00  0.0000E+00  0.0000E+00  0.0000E+00  0.0000E+00  0.0000E+00  0.0000E+00  0.0000E+00  0.0000E+00  0.0000E+00  0.0000E+00  0.0000E+00  0.0000E+00  0.0000E+00  0.0000E+00  0.0000E+00  0.0000E+00  0.0000E+00
   120.000   -8.66218  0.0000E+00  0.0000E+00  0.0000E+00  0.0000E+00  0.0000E+00  0.0000E+00  0.0000E+00  0.0000E+00  0.0000E+00  0.0000E+00  0.0000E+00  0.0000E+00  0.0000E+00  0.0000E+00  0.0000E+00  0.0000E+00  0.0000E+00  0.0000E+00  0.0000E+00  0.0000E+00  0.0000E+00  0.0000E+00  0.0000E+00  0.0000E+00  0.0000E+00  0.0000E+00  0.0000E+00  0.0000E+00  0.0000E+00  0.0000E+00  0.0000E+00  0.0000E+00
   124.000   -9.56700  0.0000E+00  0.0000E+00  0.0000E+00  0.0000E+00  0.0000E+00  0.0000E+00  0.0000E+00  0.0000E+00  0.0000E+00  0.0000E+00  0.0000E+00  0.0000E+00  0.0000E+00  0.0000E+00  0.0000E+00  0.0000E+00  0.0000E+00  0.0000E+00  0.0000E+00  0.0000E+00  0.0000E+00  0.0000E+00  0.0000E+00  0.0000E+00  0.0000E+00  0.0000E+00  0.0000E+00  0.0000E+00  0.0000E+00  0.0000E+00  0.0000E+00  0.0000E+00
   128.000  -10.43111  0.0000E+00  0.0000E+00  0.0000E+00  0.0000E+00  0.0000E+00  0.0000E+00  0.0000E+00  0.0000E+00  0.0000E+00  0.0000E+00  0.0000E+00  0.0000E+00  0.0000E+00  0.0000E+00  0.0000E+00  0.0000E+00  0.0000E+00  0.0000E+00  0.0000E+00  0.0000E+00  0.0000E+00  0.0000E+00  0.0000E+00  0.0000E+00  0.0000E+00  0.0000E+00  0.0000E+00  0.0000E+00  0.0000E+00  0.0000E+00  0.0000E+00  0.0000E+00
   132.000  -11.24289  0.0000E+00  0.0000E+00  0.0000E+00  0.0000E+00  0.0000E+00  0.0000E+00  0.0000E+00  0.0000E+00  0.0000E+00  0.0000E+00  0.0000E+00  0.0000E+00  0.0000E+00  0.0000E+00  0.0000E+00  0.0000E+00  0.0000E+00  0.0000E+00  0.0000E+00  0.0000E+00  0.0000E+00  0.0000E+00  0.0000E+00  0.0000E+00  0.0000E+00  0.0000E+00  0.0000E+00  0.0000E+00  0.0000E+00  0.0000E+00  0.0000E+00  0.0000E+00
   136.000  -12.01213  0.0000E+00  0.0000E+00  0.0000E+00  0.0000E+00  0.0000E+00  0.0000E+00  0.0000E+00  0.0000E+00  0.0000E+00  0.0000E+00  0.0000E+00  0.0000E+00  0.0000E+00  0.0000E+00  0.0000E+00  0.0000E+00  0.0000E+00  0.0000E+00  0.0000E+00  0.0000E+00  0.0000E+00  0.0000E+00  0.0000E+00  0.0000E+00  0.0000E+00  0.0000E+00  0.0000E+00  0.0000E+00  0.0000E+00  0.0000E+00  0.0000E+00  0.0000E+00
   140.000  -12.72355  0.0000E+00  0.0000E+00  0.0000E+00  0.0000E+00  0.0000E+00  0.0000E+00  0.0000E+00  0.0000E+00  0.0000E+00  0.0000E+00  0.0000E+00  0.0000E+00  0.0000E+00  0.0000E+00  0.0000E+00  0.0000E+00  0.0000E+00  0.0000E+00  0.0000E+00  0.0000E+00  0.0000E+00  0.0000E+00  0.0000E+00  0.0000E+00  0.0000E+00  0.0000E+00  0.0000E+00  0.0000E+00  0.0000E+00  0.0000E+00  0.0000E+00  0.0000E+00
   144.000  -13.37723  0.0000E+00  0.0000E+00  0.0000E+00  0.0000E+00  0.0000E+00  0.0000E+00  0.0000E+00  0.0000E+00  0.0000E+00  0.0000E+00  0.0000E+00  0.0000E+00  0.0000E+00  0.0000E+00  0.0000E+00  0.0000E+00  0.0000E+00  0.0000E+00  0.0000E+00  0.0000E+00  0.0000E+00  0.0000E+00  0.0000E+00  0.0000E+00  0.0000E+00  0.0000E+00  0.0000E+00  0.0000E+00  0.0000E+00  0.0000E+00  0.0000E+00  0.0000E+00
   148.000  -13.97684  0.0000E+00  0.0000E+00  0.0000E+00  0.0000E+00  0.0000E+00  0.0000E+00  0.0000E+00  0.0000E+00  0.0000E+00  0.0000E+00  0.0000E+00  0.0000E+00  0.0000E+00  0.0000E+00  0.0000E+00  0.0000E+00  0.0000E+00  0.0000E+00  0.0000E+00  0.0000E+00  0.0000E+00  0.0000E+00  0.0000E+00  0.0000E+00  0.0000E+00  0.0000E+00  0.0000E+00  0.0000E+00  0.0000E+00  0.0000E+00  0.0000E+00  0.0000E+00
