   11.36930    
   11.24071    
   11.10970    
   10.97532    
   10.83688    
   10.69559    
   10.55084    
   10.40299    
   10.25263    
   10.09848    
   9.938140    
   9.773060    
   9.606000    
   9.433730    
   9.252210    
   9.063830    
   8.871610    
   8.672730    
   8.466150    
   8.252170    
   8.031310    
   7.804090    
   7.570690    
   7.330000    
   7.077740    
   6.814240    
   6.541280    
   6.249260    
   5.937780    
   5.607880    
   5.262940    
   4.901810    
   4.532850    
   4.157570    
   3.773010    
   3.384640    
   2.988450    
   2.580470    
   2.164150    
   1.738960    
   1.296340    
  0.8331500    
  0.3473800    
 -0.1581600    
 -0.6819600    
  -1.218840    
  -1.765850    
  -2.317960    
  -2.869730    
  -3.415560    
  -3.949220    
  -4.473460    
  -5.015530    
  -5.587760    
  -6.173940    
  -6.785290    
  -7.590710    
  -8.922310    
  -10.34946    
  -11.76139    
  -13.05004    
  -14.23103    
  -15.28519    
  -16.22346    
  -17.03439    
