  3.38464    10.27   9.02   9.69   8.10   3.20   5.64   8.93
  2.98845    10.27   9.02   9.69   8.10   3.20   5.64   8.93
  2.58047    10.27   9.02   9.69   8.10   3.20   5.64   8.93
  2.16415    10.27   9.02   9.69   8.10   3.20   5.64   8.93
  1.73896    10.27   9.02   9.69   8.10   3.20   5.64   8.93
  1.29634    10.27   9.02   9.69   8.10   3.20   5.64   8.93
  0.83315    10.13   8.67   8.11   7.59   4.73   5.64   8.93
  0.34738     9.71   9.08   7.26   6.81   5.93   5.42   5.15
 -0.15816     9.16   9.42   7.08   5.78   6.42   6.06   4.72
 -0.68196     8.45   9.26   6.95   3.97   5.95   6.18   5.24
 -1.21884     7.54   8.67   6.51   0.88   5.02   5.55   5.53
 -1.76585     6.53   8.02   5.93   0.00   4.27   4.58   5.19
 -2.31796     5.53   7.66   5.52   0.00   3.70   3.65   4.22
 -2.86973     4.80   7.67   5.42   0.00   3.00   2.58   1.87
 -3.41556     5.28   7.74   5.47   0.00   2.13   1.32  -2.83
 -3.94922     8.10   7.54   5.51   0.00   1.69   0.64  -7.45
 -4.47346    11.66   7.79   6.04   0.00   1.95   0.60  -6.67
 -5.01553    13.98   8.24   6.65   0.00   2.90   1.16  -2.87
 -5.58776    14.82   8.86   7.06   0.00   3.87   2.23   0.66
 -6.17394    14.90  10.05   7.54   0.00   4.35   3.13   2.59
 -6.78529    14.72  11.20   8.53   0.00   4.48   3.65   3.38
 -7.59071    13.96  11.59   9.43   0.00   4.75   4.14   3.88
 -8.92231    10.95   9.30   7.83   0.00   4.20   3.80   3.63
-10.34946     9.90   8.32   6.99   0.00   3.99   3.62   3.48
-11.76139    10.44   8.67   7.32   0.00   4.51   4.06   3.85
-13.05004    10.62   8.88   7.52   0.00   4.95   4.43   4.16
