   0.000 0.90918E+02 733.00  0.8694E+26  0.2928E+22  0.1351E+23
   2.000 0.80049E+02 720.20  0.7851E+26  0.2644E+22  0.1220E+23
   4.000 0.70286E+02 704.60  0.7075E+26  0.2383E+22  0.1100E+23
   6.000 0.61550E+02 688.80  0.6366E+26  0.2144E+22  0.9896E+22
   8.000 0.53741E+02 673.60  0.5684E+26  0.1914E+22  0.8835E+22
  10.000 0.46782E+02 658.20  0.5069E+26  0.1707E+22  0.7880E+22
  12.000 0.40592E+02 643.20  0.4521E+26  0.1523E+22  0.7028E+22
  14.000 0.35114E+02 628.10  0.3985E+26  0.1342E+22  0.6195E+22
  16.000 0.30267E+02 613.30  0.3517E+26  0.1185E+22  0.5467E+22
  18.000 0.25992E+02 597.10  0.3102E+26  0.1045E+22  0.4823E+22
  20.000 0.22231E+02 580.70  0.2728E+26  0.9188E+21  0.4240E+22
  22.000 0.18924E+02 564.30  0.2381E+26  0.8018E+21  0.3701E+22
  24.000 0.16041E+02 547.50  0.2073E+26  0.6981E+21  0.3222E+22
  26.000 0.13524E+02 530.70  0.1803E+26  0.6071E+21  0.2802E+22
  28.000 0.11343E+02 513.80  0.1560E+26  0.5255E+21  0.2425E+22
  30.000 0.94580E+01 496.90  0.1344E+26  0.4527E+21  0.2089E+22
  32.000 0.78381E+01 479.90  0.1151E+26  0.3877E+21  0.1789E+22
  34.000 0.64531E+01 463.40  0.9814E+25  0.3305E+21  0.1525E+22
  36.000 0.52764E+01 446.50  0.8279E+25  0.2788E+21  0.1287E+22
  38.000 0.42804E+01 429.50  0.6955E+25  0.2342E+21  0.1081E+22
  40.000 0.34432E+01 412.00  0.5777E+25  0.1946E+21  0.8980E+21
  41.000 0.30780E+01 402.90  0.5269E+25  0.1774E+21  0.8191E+21
  42.000 0.27443E+01 394.50  0.4761E+25  0.1603E+21  0.7401E+21
  43.000 0.24413E+01 386.10  0.4326E+25  0.1457E+21  0.6725E+21
  44.000 0.21658E+01 377.30  0.3892E+25  0.1311E+21  0.6050E+21
  44.500 0.20410E+01 373.00  0.3711E+25  0.1250E+21  0.5769E+21
  45.000 0.19161E+01 368.70  0.3531E+25  0.1189E+21  0.5489E+21
  45.500 0.18031E+01 364.35  0.3350E+25  0.1129E+21  0.5208E+21
  46.000 0.16900E+01 360.00  0.3170E+25  0.1068E+21  0.4927E+21
  46.500 0.15884E+01 355.95  0.3016E+25  0.1016E+21  0.4688E+21
  47.000 0.14867E+01 351.90  0.2862E+25  0.9639E+20  0.4449E+21
  47.200 0.14501E+01 350.22  0.2800E+25  0.9432E+20  0.4353E+21
  47.400 0.14136E+01 348.54  0.2739E+25  0.9225E+20  0.4258E+21
  47.600 0.13771E+01 346.86  0.2677E+25  0.9017E+20  0.4162E+21
  47.800 0.13406E+01 345.18  0.2616E+25  0.8810E+20  0.4067E+21
  48.000 0.13040E+01 343.50  0.2554E+25  0.8603E+20  0.3971E+21
  48.200 0.12713E+01 341.88  0.2506E+25  0.8442E+20  0.3897E+21
  48.400 0.12385E+01 340.26  0.2459E+25  0.8281E+20  0.3822E+21
  48.500 0.12221E+01 339.45  0.2435E+25  0.8201E+20  0.3785E+21
  48.600 0.12057E+01 338.64  0.2411E+25  0.8120E+20  0.3748E+21
  48.700 0.11893E+01 337.83  0.2387E+25  0.8040E+20  0.3711E+21
  48.800 0.11730E+01 337.02  0.2363E+25  0.7959E+20  0.3674E+21
  48.900 0.11566E+01 336.21  0.2339E+25  0.7879E+20  0.3636E+21
  49.000 0.11402E+01 335.40  0.2316E+25  0.7798E+20  0.3599E+21
  49.500 0.10671E+01 331.35  0.2196E+25  0.7396E+20  0.3413E+21
  50.000 0.99408E+00 327.30  0.2077E+25  0.6994E+20  0.3228E+21
  51.000 0.86288E+00 318.50  0.1873E+25  0.5859E+20  0.2683E+21
  52.000 0.74640E+00 310.20  0.1669E+25  0.4723E+20  0.2137E+21
  53.000 0.64294E+00 300.10  0.1503E+25  0.3892E+20  0.1740E+21
  54.000 0.55104E+00 290.00  0.1337E+25  0.3061E+20  0.1343E+21
  55.000 0.46969E+00 279.70  0.1198E+25  0.2459E+20  0.1059E+21
  56.000 0.39793E+00 269.20  0.1060E+25  0.1856E+20  0.7741E+20
  56.500 0.36639E+00 263.70  0.9982E+24  0.1639E+20  0.6732E+20
  57.000 0.33485E+00 258.20  0.9364E+24  0.1421E+20  0.5724E+20
  57.100 0.32934E+00 257.22  0.9241E+24  0.1377E+20  0.5522E+20
  57.500 0.30731E+00 253.30  0.8748E+24  0.1203E+20  0.4716E+20
  58.000 0.27976E+00 248.40  0.8132E+24  0.9860E+19  0.3708E+20
  58.500 0.25612E+00 245.10  0.7607E+24  0.8410E+19  0.3055E+20
  59.000 0.23248E+00 241.80  0.7082E+24  0.6961E+19  0.2401E+20
  59.500 0.21239E+00 239.65  0.6557E+24  0.5512E+19  0.1748E+20
  60.000 0.19230E+00 237.50  0.6032E+24  0.4063E+19  0.1094E+20
  60.500 0.17685E+00 235.90  0.5628E+24  0.3711E+19  0.9806E+19
  61.000 0.16140E+00 234.30  0.5223E+24  0.3358E+19  0.8674E+19
  61.500 0.14595E+00 232.70  0.4818E+24  0.3006E+19  0.7541E+19
  62.000 0.13050E+00 231.10  0.4414E+24  0.2653E+19  0.6408E+19
  62.500 0.11997E+00 231.90  0.4100E+24  0.2407E+19  0.5666E+19
  63.000 0.10943E+00 232.70  0.3785E+24  0.2161E+19  0.4925E+19
  63.500 0.98889E-01 233.50  0.3471E+24  0.1914E+19  0.4183E+19
  64.000 0.88351E-01 234.30  0.3157E+24  0.1668E+19  0.3441E+19
  64.500 0.81310E-01 235.30  0.2930E+24  0.1507E+19  0.2990E+19
  65.000 0.74269E-01 236.30  0.2702E+24  0.1346E+19  0.2539E+19
  65.500 0.67229E-01 237.30  0.2474E+24  0.1185E+19  0.2088E+19
  66.000 0.60188E-01 238.30  0.2247E+24  0.1024E+19  0.1637E+19
  66.500 0.55457E-01 239.23  0.2066E+24  0.9144E+18  0.1367E+19
  67.000 0.50726E-01 240.15  0.1886E+24  0.8045E+18  0.1098E+19
  67.500 0.45995E-01 241.07  0.1705E+24  0.6945E+18  0.8285E+18
  68.000 0.41264E-01 242.00  0.1525E+24  0.5846E+18  0.5593E+18
  68.500 0.38055E-01 242.55  0.1407E+24  0.5205E+18  0.4209E+18
  69.000 0.34847E-01 243.10  0.1290E+24  0.4564E+18  0.2824E+18
  69.500 0.31639E-01 243.65  0.1173E+24  0.3923E+18  0.1439E+18
  70.000 0.28430E-01 244.20  0.1056E+24  0.3282E+18  0.5470E+16
  71.000 0.24023E-01 243.90  0.8925E+23  0.2774E+18  0.4284E+16
  72.000 0.19615E-01 243.60  0.7290E+23  0.2266E+18  0.3097E+16
  73.000 0.16555E-01 242.05  0.6139E+23  0.1908E+18  0.2375E+16
  74.000 0.13495E-01 240.50  0.4989E+23  0.1551E+18  0.1654E+16
  75.000 0.11360E-01 237.70  0.4193E+23  0.1304E+18  0.1232E+16
  75.500 0.10292E-01 236.30  0.3795E+23  0.1180E+18  0.1021E+16
  76.000 0.92251E-02 234.90  0.3397E+23  0.1056E+18  0.8096E+15
  77.000 0.77236E-02 229.45  0.2842E+23  0.8835E+17  0.5707E+15
  78.000 0.62221E-02 224.00  0.2287E+23  0.7110E+17  0.3318E+15
  79.000 0.51723E-02 219.35  0.1912E+23  0.5946E+17  0.2058E+15
  80.000 0.41224E-02 214.70  0.1538E+23  0.4782E+17  0.7970E+14
  82.000 0.26821E-02 205.30  0.1023E+23  0.3180E+17  0.5300E+14
  84.000 0.17117E-02 196.10  0.6687E+22  0.2079E+17  0.3465E+14
  86.000 0.10701E-02 187.80  0.4240E+22  0.1318E+17  0.2197E+14
  88.000 0.65795E-03 182.40  0.2608E+22  0.8109E+16  0.1351E+14
  90.000 0.39951E-03 178.10  0.1565E+22  0.4866E+16  0.8110E+13
  92.000 0.24018E-03 175.10  0.9228E+21  0.2869E+16  0.4781E+13
  94.000 0.14324E-03 172.00  0.5377E+21  0.1672E+16  0.2786E+13
  96.000 0.84758E-04 169.60  0.3090E+21  0.9606E+15  0.1601E+13
  98.000 0.49832E-04 167.40  0.1766E+21  0.5490E+15  0.9150E+12
 100.000 0.29161E-04 166.10  0.9901E+20  0.3078E+15  0.5130E+12
 102.000 0.15627E-04 163.10         0.0      0.0      0.0
 104.000 0.83712E-05 160.00         0.0      0.0      0.0
 106.000 0.47236E-05 155.00         0.0      0.0      0.0
 108.000 0.26654E-05 150.00         0.0      0.0      0.0
 110.000 0.14462E-05 145.00         0.0      0.0      0.0
 112.000 0.78480E-06 140.00         0.0      0.0      0.0
 116.000 0.21224E-06 129.00         0.0      0.0      0.0
 120.000 0.51037E-07 117.00         0.0      0.0      0.0
 124.000 0.12142E-07 125.00         0.0      0.0      0.0
 128.000 0.32577E-08 135.00         0.0      0.0      0.0
 132.000 0.97828E-09 142.00         0.0      0.0      0.0
 136.000 0.32577E-09 146.00         0.0      0.0      0.0
 140.000 0.12438E-09 147.00         0.0      0.0      0.0
 144.000 0.55775E-10 140.00         0.0      0.0      0.0
 148.000 0.27937E-10 134.00         0.0      0.0      0.0
